0 0.57308 0.54863 0 0.24858 0.43769 0.62519 0 0 0 0 0.13834 0 0 0.22592 0.22546 0.70514 0 0 0.31413 1.1695 0.24253 0.18751 0.38692 0 0 0.25824 0 0 0 0 0 0 0.16348 0.24148 0.3319 0.17844 0 0.2132 0.22903 0.28815 0.226 0 0 0 0.15215 0.19396 0 0 0 0 0 0.12341 0 0.46077 0.20927 0.29245 0 0 0.30509 0.29491 0 0.21467 0 0 0.13505 0 0 0.16651 0.17109 0.43354 0 0.3371 0.49418 0.61536 0.26842 0 0 0 0 0 0.18729 0.2187 0 0 0 0 0 0 0 0 0 0.19157 0.14557 0.20123 0.36997 0 0 0.13777 0.26364 0.3326 0.18047 0 0.36253 0 0 0 0.26161 0 0.4242 0.37759 0.19581 0 0.31348 0.1638 0 0 0.31075 0.19158 0 0 0.20063 0.48366 0.63245 0.16894 0
0.57308 0 0.18755 0 0 0.12399 0 0 0 0 0 0 0 0 0 0 0.43661 0.16298 0 0.40712 0.65605 0.25877 0 0.27477 0 0 0.18206 0 0.1874 0 0 0 0 0.3214 0.4623 0.39983 0.44018 0.33643 0.36384 0 0 0 0 0 0 0 0 0 0 0 0 0 0 0.22164 0.14275 0.60239 0.16221 0 0 0 0 0 0.12896 0 0 0 0 0 0 0 0.13013 0 0.14702 0.21817 0.3709 0.17764 0 0 0 0 0 0 0.25732 0 0 0 0 0.19873 0.38163 0.31286 0.15113 0 0.27474 0 0 0.13652 0 0 0 0.1392 0.26969 0.16334 0 0.13039 0 0 0 0 0 0.33067 0.28817 0.31348 0 0.21559 0 0 0 0 0 0 0 0 0.15844 0.38851 0.19704 0.19382
0.54863 0.18755 0 0.39751 0.39025 0.26629 0.59446 0 0 0.40639 0 0.52522 0 0 0.48537 0.54408 0.56266 0 0.23205 0.1813 0.25929 0 0 0 0 0 0.13706 0.3348 0 0.26967 0 0 0 0 0 0 0 0 0 0.48718 0.30994 0.42046 0 0 0 0 0.12067 0.33376 0.13247 0.33023 0 0.36861 0.20179 0 0.674 0 1.0205 0.34246 0 0.41193 0.43232 0 0 0 0.13722 0.50494 0 0 0.32603 0.46555 0.58095 0 0.25655 0.42853 0.4939 0 0.1438 0.28581 0 0 0 0.2732 0.14552 0 0.29229 0 0 0 0 0 0 0 0.12911 0 0 0 0 0 0 0 0 0 0 0 0 0 0 0 0 0 0 0.25221 0 0 0 0 0 0 0 0 0.1244 0.17363 0.23527 0.26163 0 0.22586
0 0 0.39751 0 0.78029 0 0 0 0.2166 0.20116 0.12435 1.2398 0.35142 0 0 0.59569 0 0.26305 0 0 0 0 0 0 0.53904 0.55227 0.27926 0 0 0 0 0.37564 0.25567 0.15866 0 0.16597 0 0 0 0.26756 0.3525 0.17996 0.17829 0 0 0 0.16957 0 0.15374 0 0 0 0 0 0 0 0.26262 0.80641 0 0 0 0 0 0 0 0.71501 0.36295 0 0 0.42573 0 0 0 0 0 0 0 0 0.1669 0 0 0 0 0 0 0 0 0 0 0 0 0 0.16381 0 0 0 0 0.36559 0 0 0 0.2072 0.20399 0.12429 0 0 0 0 0 0 0 0 0 0 0.14549 0 0 0 0 0.15825 0.46064 0.17465 0 0 0 0.34783
0.24858 0 0.39025 0.78029 0 0.37866 0.32585 0 0.16644 0.18813 0 0.68785 0.26938 0 0.36453 0.49156 0 0 0 0 0 0 0.12252 0 0.3287 0.32745 0.23034 0.1499 0 0 0 0 0.20911 0.17326 0 0 0 0 0 0.26192 0.31901 0.34203 0.1469 0 0 0 0.31389 0.20446 0.21679 0.20962 0.13545 0 0 0 0.28078 0 0.23698 0.49142 0.46063 0.1994 0.21757 0 0 0 0 0.58521 0.25235 0 0 0.63499 0.34051 0 0 0.18694 0 0 0.14754 0 0.13161 0 0 0 0 0 0 0 0 0 0 0 0 0 0.30745 0 0 0 0 0.46281 0.41449 0.20043 0.14693 0.16496 0.34615 0.16836 0.27188 0 0 0 0 0 0 0.14675 0 0 0.27939 0 0 0 0 0.15473 0.44617 0.535 0.12828 0.17007 0 0.42287
0.43769 0.12399 0.26629 0 0.37866 0 0.84397 0 0 0 0 0 0 0 0.72223 0.40175 0.34497 0 0.39337 0.38144 0.33345 0 0.18944 0.51338 0 0 0 0.13813 0 0 0 0 0 0 0 0 0 0 0 0 0.26431 0.31464 0.13571 0 0 0 0.29331 0 0 0 0.15763 0 0 0 0.20191 0 0.27278 0 0.16348 0.25845 0.19992 0 0 0 0 0 0 0 0 0.28786 0.43621 0 0.13662 0.13789 0.15012 0 0 0 0 0 0 0 0 0 0 0 0 0 0 0 0 0 0 0.16844 0.29325 0.13725 0 0 0.48075 0.27909 0.38484 0.1805 0.3388 0.28959 0.1691 0 0 0 0 0.2366 0.14019 0 0 0.24424 0.14072 0 0 0.12548 0 0 0 0.27774 0 0 0 0.32743
0.62519 0 0.59446 0 0.32585 0.84397 0 0 0 0.36396 0 0.14349 0 0 0.7539 0.55835 0.52562 0 0.27744 0.38998 0.47415 0 0.14112 0.54226 0 0 0 0 0 0 0 0 0 0 0 0 0 0 0 0.28171 0.43035 0.38705 0 0 0 0 0.25053 0.21249 0 0.15837 0.19463 0 0.16046 0 0.42137 0 0.37133 0 0.21391 0.64692 0.56858 0 0 0 0 0.22549 0 0 0.4471 0.44114 0.56329 0 0.24976 0.51019 0.45434 0 0.15025 0.28639 0 0 0 0 0.19299 0 0 0 0 0 0 0 0 0 0 0 0.1955 0.26322 0 0 0.30192 0.22208 0.25215 0 0 0.15451 0 0 0 0.19088 0.12208 0.20154 0 0 0 0.17119 0 0 0 0 0 0 0 0.13579 0.21975 0 0 0
0 0 0 0 0 0 0 0 0.51642 0.1702 0 0 0.44532 0.61668 0 0 0 0.16337 0 0 0 0 0.30067 0 0.13064 0.38061 0 0 0 0 0.29614 0 0 0 0 0 0 0.12723 0 0 0 0 0 0 0 0 0 0 0 0 0 0 0 0 0 0 0 0 0 0 0 0.60781 0.38317 0.26071 0 0 0.53609 0.61076 0 0 0 0.16334 0 0 0 0 0 0 0.13594 0.5179 0 0 0 0 0 0 0 0 0 0 0 0 0 0 0 0 0 0 0 0 0 0 0 0 0 0 0 0 0 0 0 0 0 0 0 0 0 0 0 0 0 0 0 0 0 0
0 0 0 0.2166 0.16644 0 0 0.51642 0 0 0 0 0.47366 0.25274 0 0 0 0.1777 0 0 0 0.15956 0 0 0 0.33708 0 0 0 0 0.13945 0.1262 0.28558 0 0 0 0 0.12434 0 0 0 0 0 0 0 0 0 0 0 0 0 0 0 0.149 0 0 0 0.14299 0 0 0 0 0.25715 0 0 0 0.56991 0.13934 0 0 0 0.26441 0 0 0 0 0 0 0 0.21759 0 0 0 0 0 0 0 0 0 0 0 0 0 0 0 0 0.3273 0.15897 0.2712 0.14415 0 0.17932 0.26694 0 0 0 0 0 0 0 0 0 0.1343 0 0 0 0 0 0 0.15341 0 0 0 0 0.12915 0
0 0 0.40639 0.20116 0.18813 0 0.36396 0.1702 0 0 0.31382 0.44578 0.1805 0 0.53859 0.5448 0.17129 0 0.38154 0.15427 0 0 0 0 0 0 0 0.3235 0.22604 0.42168 0 0.33502 0 0 0 0 0 0 0 0.4112 0.35077 0.37309 0.28566 0.24294 0.15589 0.24095 0 0.34385 0.44659 0.30884 0 0.14462 0.32452 0 0.26973 0 0.25968 0.22239 0.24559 0.45524 0.53523 0 0 0.41573 0.19305 0.30853 0 0 0.45929 0.46052 0.3981 0 0.31952 0.25556 0.17002 0 0.49194 0.528 0.48707 0 0 0 0.13364 0 0.49338 0 0 0.18744 0 0 0 0.27504 0 0 0 0 0 0.14937 0 0 0 0 0 0 0 0 0 0 0 0 0 0 0 0 0 0 0 0 0 0 0 0 0 0 0 0
0 0 0 0.12435 0 0 0 0 0 0.31382 0 0 0.17093 0.21927 0 0 0 0 0.35844 0.15815 0 0 0 0 0 0 0.36008 0.57319 0.56304 0.44365 0.42926 0.18764 0.2616 0.19798 0.31195 0.27187 0.25397 0.37864 0.30372 0.18387 0 0 0 0.44573 0.40889 0.29748 0 0.20669 0 0.13693 0 0.42992 0.4295 0.12621 0 0 0 0 0 0 0 0.14247 0 0.40492 0.78356 0 0 0.21616 0.2467 0 0 0 0.28731 0 0 0 0 0 0 0 0.35602 0.48863 0.28479 0.38286 0.34595 0.4103 0.42907 0.23369 0.29263 0.1259 0 0 0.22685 0 0 0 0 0 0 0 0 0 0 0 0 0.26383 0.12707 0 0.2388 0 0 0 0 0 0 0 0 0 0 0 0 0 0 0 0 0
0.13834 0 0.52522 1.2398 0.68785 0 0.14349 0 0 0.44578 0 0 0.30964 0 0.1696 0.78472 0 0.30824 0 0 0 0 0 0 0.48542 0.28361 0.20584 0.15926 0 0.24735 0 0.50374 0.26053 0 0 0 0 0 0 0.45312 0.48235 0.29209 0.18284 0 0 0 0.20753 0.23041 0.29795 0.16353 0 0 0 0 0.28727 0 0.43454 0.95685 0 0 0.21864 0 0 0 0 1.2206 0.27551 0 0 0.59954 0.1548 0 0 0 0 0 0 0 0.32126 0 0 0 0 0 0 0 0 0 0 0 0 0 0.13744 0 0 0 0 0.50716 0 0 0 0 0 0 0 0 0 0 0 0 0 0 0 0 0 0 0 0 0 0 0.46167 0.22537 0 0 0 0.20461
0 0 0 0.35142 0.26938 0 0 0.44532 0.47366 0.1805 0.17093 0.30964 0 0.31864 0 0.21082 0 0.30182 0.19053 0.12125 0 0 0.12623 0 0.39466 0.52379 0 0 0.33662 0 0.20905 0 0 0 0 0 0 0.13395 0 0 0 0.22181 0.24701 0 0 0 0.1216 0 0.26094 0.15178 0 0 0 0 0 0 0 0.26602 0 0 0 0.15483 0.19976 0 0.22064 0.20424 1.0963 0.26062 0 0.25167 0 0 0.13511 0 0 0 0 0 0.1978 0 0 0 0 0 0 0 0 0 0 0 0 0 0 0 0 0 0 0 0 0 0 0 0.13709 0 0 0 0 0 0 0 0 0 0 0 0.22057 0 0 0 0 0 0 0 0 0 0 0
0 0 0 0 0 0 0 0.61668 0.25274 0 0.21927 0 0.31864 0 0 0 0 0 0 0 0 0 0 0 0 0.18471 0 0 0.19413 0 0.42339 0 0.16974 0 0 0 0.14135 0.17167 0 0 0 0 0 0 0 0 0 0 0 0 0 0 0 0.33482 0 0 0 0 0 0 0 1.0348 0.32152 0.41836 0.19904 0 0.41948 1.4962 0 0 0 0 0 0 0 0 0 0 0 0 0.16018 0 0 0.2934 0 0.46667 0.29253 0 0 0 0 0 0 0 0 0 0 0 0 0 0 0 0 0 0 0.18254 0.17865 0 0 0 0 0 0 0 0.18016 0.12162 0 0 0 0.23529 0 0 0 0 0 0
0.22592 0 0.48537 0 0.36453 0.72223 0.7539 0 0 0.53859 0 0.1696 0 0 0 0.55796 0.45397 0 0.61672 0.54769 0 0 0 0.21605 0 0 0 0.43007 0.13323 0.18636 0 0 0 0 0 0 0 0 0 0.32357 0.32705 0.76133 0.34778 0.16922 0.24331 0 0.44442 0.51368 0.26274 0.34148 0.2684 0.15474 0.15321 0 0.51413 0 0.54252 0.13306 0.36555 0.55908 0.51391 0 0 0 0 0.25418 0 0 0.43696 0.5532 0.81638 0 0.31529 0.32376 0.40332 0.26585 0.39293 0.58771 0.20602 0 0 0 0.12876 0 0 0 0 0 0 0 0.12988 0.37401 0 0.26565 0.32262 0.14067 0 0.14306 0.27533 0.12696 0.29346 0 0.26539 0 0.26405 0 0 0 0 0 0 0 0 0 0 0 0.2383 0 0 0 0 0 0 0 0 0.12061
0.22546 0 0.54408 0.59569 0.49156 0.40175 0.55835 0 0 0.5448 0 0.78472 0.21082 0 0.55796 0 0.28201 0 0.12477 0.1996 0 0 0 0.13578 0.27038 0 0 0 0 0.19389 0 0 0 0 0 0 0 0 0 0.38865 0.63092 0.35907 0.21112 0 0 0 0.13205 0.25773 0.21533 0 0.15066 0 0 0 0.25492 0 0.4392 0.60224 0.29721 0.25078 0.37463 0 0 0 0 0.69136 0.18096 0 0.13364 0.96382 0.38412 0 0 0 0 0 0 0 0.14289 0 0 0 0 0 0 0 0 0 0 0 0 0 0 0 0 0 0 0 0.12826 0 0 0 0 0 0 0 0 0 0 0 0 0 0 0 0 0 0 0 0 0 0 0 0 0 0 0
0.70514 0.43661 0.56266 0 0 0.34497 0.52562 0 0 0.17129 0 0 0 0 0.45397 0.28201 0 0 0.21682 0.42879 0.68896 0 0.19032 0.46987 0 0 0.17564 0 0.21171 0 0 0 0 0 0.18228 0.15391 0 0 0 0 0.15855 0.20812 0 0 0.1354 0.2471 0 0 0 0.15574 0 0 0 0 0.33402 0.18955 0.29582 0 0.16172 0.47243 0.38991 0 0.22228 0 0 0 0 0 0.36253 0.23991 0.60993 0 0.20078 0.46855 0.56237 0.35839 0 0.37124 0 0.13881 0 0 0.25952 0 0 0 0 0.1438 0.14998 0 0.17921 0 0 0.13067 0 0.28947 0 0 0 0.15323 0.33045 0 0 0 0 0 0 0 0 0.14536 0.19549 0 0 0 0 0 0 0 0 0 0 0 0.31906 0.44669 0 0
0 0.16298 0 0.26305 0 0 0 0.16337 0.1777 0 0 0.30824 0.30182 0 0 0 0 0 0 0 0 0 0.12337 0 0.31724 0.22143 0.26944 0 0.19757 0.22835 0.48423 0.30289 0.36093 0.45308 0.31852 0.32212 0.18744 0.32718 0.39778 0.16243 0 0 0.28761 0.22611 0.18563 0.19216 0 0 0 0 0 0 0 0.32355 0 0 0 0.19083 0 0 0 0 0 0 0 0 0.17971 0 0 0 0 0.49464 0 0 0 0 0 0 0.13848 0 0.3244 0 0 0 0 0 0.25268 0.25096 0.34459 0.33957 0 0 0.19338 0 0 0.1337 0 0 0 0 0 0 0 0 0 0 0.21164 0 0 0 0 0.20594 0 0 0 0 0 0 0.20414 0.25134 0.19321 0 0 0 0.1212 0
0 0 0.23205 0 0 0.39337 0.27744 0 0 0.38154 0.35844 0 0.19053 0 0.61672 0.12477 0.21682 0 0 0.34543 0.15967 0 0 0.13611 0 0 0.13043 0.52986 0.58095 0.13561 0.1512 0 0 0 0 0 0 0 0 0 0 0.43608 0.14441 0.14077 0.15368 0 0.29296 0.30512 0.22988 0.20991 0 0.15559 0.2382 0 0.13233 0 0.21428 0 0 0 0 0 0 0 0.2827 0 0 0 0.24919 0 0.40724 0 0.47119 0 0 0 0 0.22951 0 0 0 0.17266 0.38538 0 0.20935 0 0 0.26838 0 0 0 0.28178 0 0 0.19605 0 0 0 0 0 0.1889 0 0 0.21133 0.18153 0.39993 0 0 0 0.24392 0.19661 0 0 0.27946 0 0 0 0 0 0 0 0 0 0 0 0.18874
0.31413 0.40712 0.1813 0 0 0.38144 0.38998 0 0 0.15427 0.15815 0 0.12125 0 0.54769 0.1996 0.42879 0 0.34543 0 0.49277 0 0 0.52021 0 0 0.18681 0.24739 0.40074 0.33962 0 0 0 0 0.16574 0 0 0.12846 0 0.19933 0.24761 0.37038 0.19268 0.41027 0.30623 0.23558 0.20934 0.33152 0 0.1781 0 0 0.1928 0 0.15074 0.17209 0.26642 0 0 0.24162 0.17889 0 0.1543 0.12348 0.13512 0 0 0 0.26045 0.22 0.30949 0 0 0.26327 0.25186 0.17242 0 0.19222 0 0 0 0.18261 0.29133 0 0 0 0 0.16965 0.14542 0 0.15918 0 0 0 0.12977 0.23984 0 0 0 0 0.21532 0 0 0 0 0 0 0 0 0.15078 0.12418 0.21691 0 0.14689 0 0 0 0 0 0 0 0 0 0 0 0
1.1695 0.65605 0.25929 0 0 0.33345 0.47415 0 0 0 0 0 0 0 0 0 0.68896 0 0.15967 0.49277 0 0.28272 0.38106 0.68555 0 0 0.26839 0 0.24674 0 0.17456 0 0 0.172 0.52061 0.34095 0.43202 0.28598 0.3649 0 0.22057 0.12317 0 0 0 0.32586 0.21702 0 0 0 0 0 0.1279 0 0.17035 0.25273 0 0 0 0.1659 0.13889 0.17707 0.19077 0 0.12945 0 0 0 0 0 0.29356 0 0.30174 0.40641 0.49888 0.28253 0 0 0 0 0.31174 0.21856 0.36682 0 0 0 0 0.17349 0.31298 0.13627 0.12085 0 0.2218 0.15448 0.20275 0.39014 0 0 0 0.24446 0.29614 0 0 0.31367 0 0.23068 0.2111 0.14598 0.17757 0.47752 0.45015 0.17483 0 0.2743 0.14491 0 0 0.18852 0.34308 0 0 0 0.36209 0.48492 0 0
0.24253 0.25877 0 0 0 0 0 0 0.15956 0 0 0 0 0 0 0 0 0 0 0 0.28272 0 0.49211 0 0 0.51425 0 0 0 0 0 0 0 0 0.30198 0 0.30839 0.20919 0 0 0 0 0 0 0 0 0 0 0 0 0 0 0 0 0 0.1736 0 0 0 0 0 0 0 0 0 0 0.12505 0 0 0 0 0 0 0 0 0.37246 0 0 0 0.38804 0 0 0 0 0 0 0 0.1689 0.27352 0.19504 0.18918 0.19443 0 0 0 0 0 0 0 0 0 0 0 0.13304 0 0 0 0.2289 0.12584 0 0.45922 0 0 0 0.17546 0.12566 0 0.15471 0 0 0 0 0 0.26201 0 0
0.18751 0 0 0 0.12252 0.18944 0.14112 0.30067 0 0 0 0 0.12623 0 0 0 0.19032 0.12337 0 0 0.38106 0.49211 0 0.64221 0.29087 0.32535 0 0 0 0 0.31524 0 0 0 0.21375 0 0.25805 0.21349 0 0 0 0 0 0 0 0 0 0 0 0 0 0 0 0 0 0 0 0 0 0 0 0.27871 0 0 0 0 0.16478 0 0 0 0 0 0 0 0 0 0 0 0 0.30775 0 0 0 0 0 0 0 0 0 0 0 0 0 0 0 0 0 0 0.2264 0 0 0.15038 0 0 0 0 0 0 0 0 0.30146 0 0 0 0 0 0 0.13803 0 0 0 0 0 0 0 0
0.38692 0.27477 0 0 0 0.51338 0.54226 0 0 0 0 0 0 0 0.21605 0.13578 0.46987 0 0.13611 0.52021 0.68555 0 0.64221 0 0 0 0 0 0.41216 0 0.20449 0 0 0 0.25898 0 0.26638 0.27329 0 0 0 0 0 0 0 0.25622 0 0 0 0 0 0 0 0 0 0.13529 0 0 0 0.14877 0 0.32615 0.18465 0.20858 0 0 0 0.13475 0 0 0 0 0 0 0 0 0 0 0 0 0 0 0.32131 0.20416 0 0 0 0 0.12341 0 0 0 0 0 0 0.32068 0 0 0 0 0.12533 0 0 0 0 0.1459 0 0 0 0.14527 0.16115 0 0 0 0 0 0 0 0 0 0 0 0 0 0 0
0 0 0 0.53904 0.3287 0 0 0.13064 0 0 0 0.48542 0.39466 0 0 0.27038 0 0.31724 0 0 0 0 0.29087 0 0 0.75314 0 0 0 0 0.2604 0.32889 0 0 0 0 0 0 0 0 0 0 0.14636 0 0 0 0.18143 0 0 0 0 0 0 0 0 0 0 0.44512 0 0 0 0 0 0 0 0.2944 0.26169 0 0 0 0 0 0 0 0 0 0 0 0.62128 0 0 0 0 0 0 0 0 0 0 0 0 0 0 0 0 0 0 0.24746 0 0 0 0.25018 0.31955 0 0 0 0 0 0 0 0 0 0 0 0.16738 0 0 0 0 0 0.26154 0.17418 0 0 0.20531 0.24046
0 0 0 0.55227 0.32745 0 0 0.38061 0.33708 0 0 0.28361 0.52379 0.18471 0 0 0 0.22143 0 0 0 0.51425 0.32535 0 0.75314 0 0 0 0 0 0.34573 0 0 0 0.17298 0 0.25736 0.27523 0 0 0 0.14525 0 0 0 0 0 0 0 0 0 0 0 0.20795 0 0 0 0.22579 0 0 0 0 0 0 0 0 0.54072 0 0 0 0 0 0 0 0 0 0 0 0.30456 0.46216 0 0 0 0 0 0 0 0 0 0 0 0.14839 0 0 0 0 0 0 0 0 0 0.13377 0.12852 0 0 0 0 0 0 0 0 0 0 0 0.26549 0 0 0 0 0 0 0 0 0 0 0.22677
0.25824 0.18206 0.13706 0.27926 0.23034 0 0 0 0 0 0.36008 0.20584 0 0 0 0 0.17564 0.26944 0.13043 0.18681 0.26839 0 0 0 0 0 0 0.41968 0.22133 0.29723 0.33396 0.4299 0.61697 0.82825 0.53517 0.95016 0.45898 0.44563 0.70581 0.29806 0 0.15771 0.12744 0.3807 0.32859 0.35791 0.1424 0.21816 0 0.18786 0 0.49786 0.35372 0.23611 0 0 0 0 0 0 0 0 0 0 0.21725 0.16901 0 0 0 0 0 0.12222 0 0 0 0 0 0 0 0 0.61702 0.58978 0 0 0 0.24158 0.4082 0.47169 0.49267 0.70833 0.20772 0 0.63523 0 0.12858 0.51044 0.13175 0.191 0.12432 0 0.1518 0 0 0.21677 0 0.14577 0.23797 0.22299 0 0.33163 0.34571 0.33527 0 0.15969 0 0 0 0 0.38984 0.36576 0.30614 0.24255 0.26805 0.21646 0.23985 0.19765
0 0 0.3348 0 0.1499 0.13813 0 0 0 0.3235 0.57319 0.15926 0 0 0.43007 0 0 0 0.52986 0.24739 0 0 0 0 0 0 0.41968 0 0.42024 0.62446 0 0.33134 0.29807 0.25575 0 0.28451 0 0.12094 0.2666 0.37779 0 0.46506 0 0.68246 0.62138 0 0.16758 0.53495 0.14751 0.46849 0 0.69564 0.44419 0 0.3233 0 0.3301 0 0.19879 0 0 0 0 0 0.48719 0.32601 0 0 0.31682 0.12786 0.47824 0 0.44325 0.22034 0.17405 0 0.23722 0.24878 0.2451 0 0.17596 0.64558 0.24161 0.15147 0.38958 0 0.34506 0.40579 0.16726 0.20761 0.26226 0.506 0.36806 0 0 0.1274 0 0 0 0 0 0 0.14003 0.17652 0 0.15812 0.13528 0 0.1375 0 0 0 0 0.13753 0 0 0 0 0 0 0 0 0.12864 0 0 0.26084
0 0.1874 0 0 0 0 0 0 0 0.22604 0.56304 0 0.33662 0.19413 0.13323 0 0.21171 0.19757 0.58095 0.40074 0.24674 0 0 0.41216 0 0 0.22133 0.42024 0 0.15235 0.45821 0 0.21106 0 0.40987 0 0.35242 0.37956 0.23615 0 0 0.29958 0.1891 0.27741 0 0.20797 0 0 0 0.33103 0 0 0.2178 0.28645 0 0.17419 0 0 0 0 0 0.43877 0 0.43581 0.62684 0 0.16165 0.29192 0.26754 0 0 0 0.32163 0 0 0 0 0.15837 0 0 0.1717 0.28275 0.70908 0.3309 0.40862 0.19905 0.33398 0.28213 0.40908 0 0.22311 0.22431 0.2058 0 0 0 0 0 0 0 0 0 0 0 0 0.32385 0.202 0 0 0 0 0.1602 0 0 0 0 0 0 0.23123 0 0 0 0 0 0 0
0 0 0.26967 0 0 0 0 0 0 0.42168 0.44365 0.24735 0 0 0.18636 0.19389 0 0.22835 0.13561 0.33962 0 0 0 0 0 0 0.29723 0.62446 0.15235 0 0 0.41851 0.34464 0.22915 0 0.25695 0 0 0.19189 0.55765 0 0 0 0.74946 0.67673 0.1643 0 0.46224 0 0.18151 0 0.5081 0.56953 0 0.1742 0 0.2296 0 0 0.1362 0.14899 0 0 0.2746 0.20164 0.24943 0 0 0.22476 0 0.14431 0.27274 0 0.12677 0 0 0.18219 0.18754 0.24704 0 0.3009 0.51712 0 0.39674 0.2265 0.27551 0.31671 0.31303 0.14376 0.13466 0.25389 0.2154 0 0 0 0.26986 0 0 0 0 0 0 0 0 0 0 0 0 0.19578 0 0 0 0 0 0 0 0 0 0 0 0 0 0 0 0 0
0 0 0 0 0 0 0 0.29614 0.13945 0 0.42926 0 0.20905 0.42339 0 0 0 0.48423 0.1512 0 0.17456 0 0.31524 0.20449 0.2604 0.34573 0.33396 0 0.45821 0 0 0.27997 0.50158 0.14068 0.44931 0.20956 0.50886 0.77741 0.44392 0 0 0 0 0 0 0.34322 0 0 0 0 0 0 0 0.42498 0 0 0 0 0 0 0 0.35798 0 0 0.33342 0 0.14041 0.33871 0 0 0 0.16085 0 0 0 0 0 0 0 0 0.37467 0.17736 0 0 0 0.31975 0.37942 0 0.35166 0 0 0 0.17041 0 0 0 0 0 0 0 0 0 0 0 0 0.31624 0 0 0 0 0 0 0 0 0 0 0 0 0 0 0 0 0 0 0 0
0 0 0 0.37564 0 0 0 0 0.1262 0.33502 0.18764 0.50374 0 0 0 0 0 0.30289 0 0 0 0 0 0 0.32889 0 0.4299 0.33134 0 0.41851 0.27997 0 0.5481 0.37751 0 0.35694 0 0.22015 0.21352 0.4334 0 0 0.16172 0.29941 0.18173 0.15014 0.13528 0.19923 0.26028 0.22196 0 0.39306 0.35333 0 0 0 0.12273 0.35386 0 0 0 0 0 0 0.15347 0.35418 0 0 0 0 0 0.32309 0 0 0 0 0.26017 0 0.69827 0 0.24643 0.37217 0 0 0.27512 0.32546 0.38254 0.49475 0.3015 0.27954 0.26907 0.39508 0.24853 0 0.13167 0 0 0.41968 0 0 0 0 0 0 0 0 0 0 0 0 0 0.16079 0 0 0 0 0 0 0 0.21683 0.35782 0 0 0 0 0
0 0 0 0.25567 0.20911 0 0 0 0.28558 0 0.2616 0.26053 0 0.16974 0 0 0 0.36093 0 0 0 0 0 0 0 0 0.61697 0.29807 0.21106 0.34464 0.50158 0.5481 0 0.43103 0 0.37784 0 0.27104 0.55085 0.12379 0 0 0.1233 0.31175 0.21531 0.19945 0 0.16127 0 0 0 0.19118 0.22996 0.21306 0 0 0 0.18574 0.21543 0 0 0 0.1213 0 0 0.23804 0 0 0 0 0 0.18164 0 0 0 0 0.14544 0 0.15173 0 0.53755 0.43807 0 0 0 0.16348 0.65083 0.1316 0.14245 0.42885 0 0 0.44684 0 0 0 0 0.30622 0.24645 0.14686 0 0 0 0 0 0 0 0 0 0 0 0 0 0 0 0 0 0 0.13593 0.33973 0.35013 0.40794 0 0 0 0
0.16348 0.3214 0 0.15866 0.17326 0 0 0 0 0 0.19798 0 0 0 0 0 0 0.45308 0 0 0.172 0 0 0 0 0 0.82825 0.25575 0 0.22915 0.14068 0.37751 0.43103 0 0.5795 1.265 0.42087 0.43696 0.95225 0.30689 0 0 0 0.34907 0.23744 0.16379 0 0.22536 0.17215 0.13141 0 0.54045 0.27564 0.23171 0.13249 0 0 0 0 0 0 0 0 0 0 0 0 0 0 0 0 0.24058 0 0 0.18014 0.14133 0 0 0 0 0.70833 0.59188 0 0 0 0.19723 0.46728 0.7516 0.632 1.2589 0.34649 0.22997 0.80316 0 0 0.41353 0.28722 0.28615 0 0 0.13644 0 0 0 0 0 0.43746 0 0 0.25599 0.325 0.42328 0.21895 0 0 0 0 0 0.49709 0.5968 0.46586 0.18185 0.25288 0.23391 0.29669 0
0.24148 0.4623 0 0 0 0 0 0 0 0 0.31195 0 0 0 0 0 0.18228 0.31852 0 0.16574 0.52061 0.30198 0.21375 0.25898 0 0.17298 0.53517 0 0.40987 0 0.44931 0 0 0.5795 0 0.65575 1.1691 0.93569 0.65172 0 0 0 0 0.16664 0 0.28486 0 0 0 0 0 0.15814 0.14722 0.27159 0 0 0 0 0 0 0 0.26876 0 0 0.33942 0 0 0 0 0 0 0 0.13173 0 0 0 0 0 0 0.22134 0.49676 0.30198 0.29287 0.16626 0 0.19984 0.14498 0.4883 1.2146 0.52164 0.52452 0.15018 0.3454 0 0 0.32301 0 0 0 0 0 0 0 0.1817 0 0.30733 0.49875 0 0.14478 0.34777 0.43059 0.32569 0 0 0 0 0 0 0.36888 0.16822 0 0 0 0 0 0
0.3319 0.39983 0 0.16597 0 0 0 0 0 0 0.27187 0 0 0 0 0 0.15391 0.32212 0 0 0.34095 0 0 0 0 0 0.95016 0.28451 0 0.25695 0.20956 0.35694 0.37784 1.265 0.65575 0 0.56437 0.58515 1.0656 0.34794 0 0 0 0.31381 0.26668 0.17843 0.1322 0.20039 0 0.12081 0 0.51382 0.30638 0.21319 0.15795 0 0 0 0 0 0 0 0 0 0.19166 0 0 0 0 0 0 0.18617 0 0 0.18017 0 0 0 0 0 0.618 0.63238 0 0 0 0.22891 0.37078 0.71944 0.69324 1.0763 0.3724 0.15176 0.69926 0 0.14796 0.55759 0.18199 0.15573 0 0.16837 0.20414 0 0 0.23324 0 0 0.32577 0.1774 0 0.44596 0.37552 0.46541 0 0.22379 0 0 0 0 0.44694 0.42074 0.3388 0.17169 0.26591 0.25064 0.31658 0.16205
0.17844 0.44018 0 0 0 0 0 0 0 0 0.25397 0 0 0.14135 0 0 0 0.18744 0 0 0.43202 0.30839 0.25805 0.26638 0 0.25736 0.45898 0 0.35242 0 0.50886 0 0 0.42087 1.1691 0.56437 0 1.2202 0.70069 0 0 0 0 0 0 0 0 0 0 0 0 0.12506 0 0.34302 0 0.14736 0 0 0 0 0 0.23886 0 0 0.27022 0 0 0 0 0 0 0 0 0 0 0 0 0 0 0.19311 0.39528 0.30443 0.20189 0.15252 0 0.25185 0.17275 0.42187 1.061 0.4511 0.61435 0.1559 0.42577 0 0 0.20474 0 0 0 0 0 0 0 0 0 0.49929 0.3773 0 0 0.19623 0.27529 0.28025 0 0 0 0 0 0 0.23733 0.16085 0 0 0 0.17083 0 0
0 0.33643 0 0 0 0 0 0.12723 0.12434 0 0.37864 0 0.13395 0.17167 0 0 0 0.32718 0 0.12846 0.28598 0.20919 0.21349 0.27329 0 0.27523 0.44563 0.12094 0.37956 0 0.77741 0.22015 0.27104 0.43696 0.93569 0.58515 1.2202 0 0.71993 0 0 0 0 0 0 0.13788 0 0 0 0 0 0 0 0.25706 0 0 0 0 0 0 0 0.23119 0.15777 0 0.27785 0 0 0 0 0 0 0 0 0 0 0 0 0 0 0.15408 0.46175 0.29808 0 0.18693 0 0.20693 0.26158 0.38799 0.91145 0.39524 0.47232 0.25764 0.35326 0 0 0 0 0 0 0 0 0 0 0 0 0.39408 0.31145 0 0 0 0.15036 0 0 0 0 0 0 0 0.22142 0.1571 0 0 0 0 0 0
0.2132 0.36384 0 0 0 0 0 0 0 0 0.30372 0 0 0 0 0 0 0.39778 0 0 0.3649 0 0 0 0 0 0.70581 0.2666 0.23615 0.19189 0.44392 0.21352 0.55085 0.95225 0.65172 1.0656 0.70069 0.71993 0 0.14706 0 0 0 0.26554 0 0.19186 0 0 0 0 0 0.26957 0.16331 0.33181 0 0 0 0 0 0 0 0 0 0 0 0 0 0 0 0 0 0 0 0 0.14841 0.14398 0 0 0 0 0.84787 0.62159 0.15325 0 0 0.17298 0.5302 0.52311 0.70681 0.99121 0.32963 0 0.98439 0 0 0.38145 0 0 0 0.19757 0.17546 0 0 0.2639 0 0.22135 0.41983 0 0 0.24833 0.18105 0.31479 0 0.14805 0 0 0 0 0.46743 0.40467 0.44638 0.25609 0.21357 0.24736 0 0
0.22903 0 0.48718 0.26756 0.26192 0 0.28171 0 0 0.4112 0.18387 0.45312 0 0 0.32357 0.38865 0 0.16243 0 0.19933 0 0 0 0 0 0 0.29806 0.37779 0 0.55765 0 0.4334 0.12379 0.30689 0 0.34794 0 0 0.14706 0 0.41637 0.44488 0.1647 0.5549 0.45743 0.1227 0.17379 0.83856 0.51768 0.48311 0 0.61915 0.40134 0 0.46755 0 0.37914 0.31841 0.27615 0.24063 0.26906 0 0 0 0 0.3675 0 0 0.25068 0.32791 0.40368 0 0.22734 0.25884 0.29896 0 0.33176 0.27224 0.29587 0 0 0.31746 0 0 0.2397 0 0 0.3661 0 0.23116 0.2229 0.2298 0.18547 0 0 0.17949 0 0.25296 0 0.15411 0 0 0.20157 0 0 0 0 0.31723 0.12655 0 0.16669 0.30353 0 0 0 0 0 0 0 0 0.20611 0 0.27005 0 0.13472 0
0.28815 0 0.30994 0.3525 0.31901 0.26431 0.43035 0 0 0.35077 0 0.48235 0 0 0.32705 0.63092 0.15855 0 0 0.24761 0.22057 0 0 0 0 0 0 0 0 0 0 0 0 0 0 0 0 0 0 0.41637 0 0.25979 0.20563 0 0 0.29727 0.23221 0.3643 0.42108 0 0 0 0 0 0.20681 0 0.23419 0.31881 0.33846 0.22384 0.19703 0 0.15384 0 0 0.39465 0 0 0 0.70052 0.28938 0 0 0.15365 0 0 0.1604 0 0 0 0 0 0 0 0 0 0 0 0 0 0 0 0 0.14559 0.14011 0 0 0.16944 0.20784 0 0 0 0 0 0 0 0 0 0 0 0 0 0 0 0 0.13394 0 0 0 0 0 0 0 0 0 0
0.226 0 0.42046 0.17996 0.34203 0.31464 0.38705 0 0 0.37309 0 0.29209 0.22181 0 0.76133 0.35907 0.20812 0 0.43608 0.37038 0.12317 0 0 0 0 0.14525 0.15771 0.46506 0.29958 0 0 0 0 0 0 0 0 0 0 0.44488 0.25979 0 0.40485 0.21978 0.23798 0 0.45875 0.52676 0.25949 0.7639 0.22653 0.19534 0.18719 0 0.45102 0 0.4276 0.23558 0.1989 0.31514 0.39587 0 0 0 0.28207 0.31568 0.14928 0 0.38024 0.37904 0.58542 0 0.47685 0.28809 0.27221 0.12209 0.16608 0.27674 0.22664 0 0 0.18575 0.28757 0 0.3756 0 0 0.32524 0 0 0.20548 0.4161 0 0.27606 0.34475 0 0 0.14967 0 0 0 0 0.21747 0 0 0 0 0 0 0 0 0.28804 0 0 0 0 0.34659 0.20651 0 0 0 0 0 0 0 0.15095
0 0 0 0.17829 0.1469 0.13571 0 0 0 0.28566 0 0.18284 0.24701 0 0.34778 0.21112 0 0.28761 0.14441 0.19268 0 0 0 0 0.14636 0 0.12744 0 0.1891 0 0 0.16172 0.1233 0 0 0 0 0 0 0.1647 0.20563 0.40485 0 0 0 0 0.14284 0.34602 0.23491 0.28485 0 0 0 0 0.12432 0.19947 0.17642 0 0.18846 0.16077 0.16461 0 0 0 0 0 0 0 0 0.14026 0.16574 0 0 0 0.1246 0.20771 0.12577 0.35512 0.16648 0.23175 0 0 0 0 0 0 0 0.33037 0.18906 0 0.35447 0.33486 0 0.23628 0.24011 0 0 0 0 0 0 0 0 0 0.15935 0 0 0 0 0 0 0 0 0 0 0 0.31601 0.13254 0 0 0 0 0 0 0 0
0 0 0 0 0 0 0 0 0 0.24294 0.44573 0 0 0 0.16922 0 0 0.22611 0.14077 0.41027 0 0 0 0 0 0 0.3807 0.68246 0.27741 0.74946 0 0.29941 0.31175 0.34907 0.16664 0.31381 0 0 0.26554 0.5549 0 0.21978 0 0 0.59136 0.17455 0 0.73088 0 0.33545 0 0.62745 0.3094 0.26569 0 0 0.1291 0 0.16233 0 0 0 0 0.26989 0.18092 0.15521 0 0 0.28726 0.12934 0.21632 0.16098 0.1456 0.22648 0 0 0.1501 0.15205 0.14567 0 0.22088 0.48656 0.27527 0.2419 0.25494 0.13887 0.33069 0.40253 0.31686 0.36195 0.35164 0.27039 0.27107 0 0 0.18164 0 0 0 0 0 0 0.19684 0 0 0 0 0 0.14174 0 0 0.25386 0 0 0 0 0 0 0 0 0 0 0.20379 0 0 0
0 0 0 0 0 0 0 0 0 0.15589 0.40889 0 0 0 0.24331 0 0.1354 0.18563 0.15368 0.30623 0 0 0 0 0 0 0.32859 0.62138 0 0.67673 0 0.18173 0.21531 0.23744 0 0.26668 0 0 0 0.45743 0 0.23798 0 0.59136 0 0 0 0.49825 0 0.21284 0 0.48813 0.54387 0 0.15319 0 0.14087 0 0 0 0 0 0 0 0.152 0.20537 0 0 0.14024 0 0.23604 0.43053 0.16571 0 0 0 0 0 0 0 0.15609 0.36277 0 0.18033 0 0 0.15942 0.22457 0 0.23803 0 0.18588 0 0 0 0.27414 0 0 0 0.12519 0 0 0.25037 0 0 0 0 0 0.2238 0 0 0 0 0 0 0 0 0 0 0 0 0 0.20801 0 0 0
0.15215 0 0 0 0 0 0 0 0 0.24095 0.29748 0 0 0 0 0 0.2471 0.19216 0 0.23558 0.32586 0 0 0.25622 0 0 0.35791 0 0.20797 0.1643 0.34322 0.15014 0.19945 0.16379 0.28486 0.17843 0 0.13788 0.19186 0.1227 0.29727 0 0 0.17455 0 0 0 0 0.15355 0 0 0.12972 0.33946 0 0 0 0 0 0 0 0 0.23088 0.35194 0.20115 0.16296 0 0 0.18843 0 0 0 0.16876 0 0.13414 0 0 0 0 0 0 0.33949 0.15162 0 0 0 0 0.1477 0.15606 0.27933 0 0 0 0 0 0 0.13487 0 0 0 0.1405 0 0 0 0 0 0 0 0 0 0 0.13994 0 0 0 0 0 0 0 0.14431 0 0 0 0 0 0 0
0.19396 0 0.12067 0.16957 0.31389 0.29331 0.25053 0 0 0 0 0.20753 0.1216 0 0.44442 0.13205 0 0 0.29296 0.20934 0.21702 0 0 0 0.18143 0 0.1424 0.16758 0 0 0 0.13528 0 0 0 0.1322 0 0 0 0.17379 0.23221 0.45875 0.14284 0 0 0 0 0 0.25836 0.32721 0 0 0.12121 0 0.26664 0 0.1863 0.15344 0.19123 0.12575 0.17286 0 0 0 0 0.21917 0 0 0 0.19456 0.24291 0 0 0.23338 0.30964 0.15179 0.26151 0.20013 0.17637 0 0 0.20896 0 0 0.16831 0 0 0.302 0 0.19267 0.14913 0.28477 0.17175 0.6015 0.70697 0.26774 0 0.47616 0.27482 0 0.57277 0.26476 0 0.14509 0.48599 0 0.26851 0.12293 0 0.3301 0.23057 0.49042 0.30018 0.30475 0.28272 0 0.64575 0.48893 0.52011 0 0.28129 0.21711 0.30694 0.31632 0 0.29601
0 0 0.33376 0 0.20446 0 0.21249 0 0 0.34385 0.20669 0.23041 0 0 0.51368 0.25773 0 0 0.30512 0.33152 0 0 0 0 0 0 0.21816 0.53495 0 0.46224 0 0.19923 0.16127 0.22536 0 0.20039 0 0 0 0.83856 0.3643 0.52676 0.34602 0.73088 0.49825 0 0 0 0.56605 0.54519 0 0.63754 0.35051 0 0.59373 0 0.47834 0.23801 0.45331 0.42414 0.26178 0 0 0.12483 0 0.37117 0 0 0.48782 0.42209 0.62788 0 0.34738 0.34554 0.35626 0.18082 0.30775 0.42917 0.19191 0 0 0.33407 0.32318 0 0.26986 0 0.15303 0.38332 0 0.22301 0.23802 0.31779 0 0 0 0.20598 0 0.17901 0 0 0.17585 0 0.35936 0 0 0 0 0.12248 0 0 0 0.14241 0 0 0 0 0 0 0 0 0 0 0.18415 0 0 0
0 0 0.13247 0.15374 0.21679 0 0 0 0 0.44659 0 0.29795 0.26094 0 0.26274 0.21533 0 0 0.22988 0 0 0 0 0 0 0 0 0.14751 0 0 0 0.26028 0 0.17215 0 0 0 0 0 0.51768 0.42108 0.25949 0.23491 0 0 0.15355 0.25836 0.56605 0 0.27674 0 0.2347 0.22139 0 0.40308 0 0.18596 0.27735 0.31445 0.29339 0.26399 0 0 0 0 0.27539 0.16927 0 0.31759 0.38929 0.43279 0 0.38684 0.30361 0.22139 0.26706 0.17701 0.35804 0.29191 0.13312 0 0 0.16887 0 0.36951 0 0 0.43414 0.14724 0.13595 0.20724 0.32164 0 0.14345 0.32086 0 0 0.20717 0 0 0 0 0 0 0.3083 0 0 0 0 0 0.14389 0 0 0 0 0.16036 0.16152 0.16216 0.12858 0 0.14468 0 0 0 0 0
0 0 0.33023 0 0.20962 0 0.15837 0 0 0.30884 0.13693 0.16353 0.15178 0 0.34148 0 0.15574 0 0.20991 0.1781 0 0 0 0 0 0 0.18786 0.46849 0.33103 0.18151 0 0.22196 0 0.13141 0 0.12081 0 0 0 0.48311 0 0.7639 0.28485 0.33545 0.21284 0 0.32721 0.54519 0.27674 0 0.30389 0.47555 0.35713 0.20837 0.60104 0.28503 0.37284 0.14478 0.4818 0.55482 0.5182 0 0 0.23611 0.26028 0.19251 0 0 0.68515 0.24533 0.51457 0 0.57378 0.4781 0.52366 0.26383 0.30037 0.47834 0.24657 0 0 0.36209 0.58842 0.12664 0.59168 0 0.18838 0.54877 0.20406 0.13947 0.46178 0.52145 0.33803 0 0.14368 0 0 0.19024 0 0 0.14548 0 0 0 0.13667 0 0.27269 0 0 0 0 0.22024 0 0 0 0 0.18021 0 0.18794 0 0.21279 0.13868 0.27777 0 0 0
0 0 0 0 0.13545 0.15763 0.19463 0 0 0 0 0 0 0 0.2684 0.15066 0 0 0 0 0 0 0 0 0 0 0 0 0 0 0 0 0 0 0 0 0 0 0 0 0 0.22653 0 0 0 0 0 0 0 0.30389 0 0 0 0 0.37749 0 0.15812 0 0.28711 0.44689 0.44167 0 0 0.15707 0 0 0 0 0.40927 0.22074 0.23413 0 0.20683 0.20608 0.25853 0.31321 0.18339 0.24413 0 0 0 0 0.18909 0 0.21454 0 0 0 0 0 0 0.15351 0 0.12707 0 0 0 0 0 0 0 0 0 0 0.32406 0 0 0 0 0 0 0 0 0 0.13845 0 0.16578 0 0 0 0 0 0 0.18283 0 0.14148
0 0 0.36861 0 0 0 0 0 0 0.14462 0.42992 0 0 0 0.15474 0 0 0 0.15559 0 0 0 0 0 0 0 0.49786 0.69564 0 0.5081 0 0.39306 0.19118 0.54045 0.15814 0.51382 0.12506 0 0.26957 0.61915 0 0.19534 0 0.62745 0.48813 0.12972 0 0.63754 0.2347 0.47555 0 0 0.5359 0 0.45775 0 0.39316 0 0 0.12972 0 0 0 0 0.26364 0.14008 0 0 0.34996 0 0.28711 0 0.40499 0.21981 0.3763 0 0.26625 0.23383 0 0 0.39488 0.74077 0.28918 0.28856 0.32484 0.37911 0.4726 0.62545 0.32549 0.45558 0.42655 0.38972 0.46572 0 0 0.29563 0 0.12136 0 0 0 0 0 0 0 0.14362 0 0.26129 0 0.17307 0.31058 0.25921 0 0.18457 0 0 0 0 0.1645 0.16258 0.18813 0 0.32456 0 0 0
0.12341 0 0.20179 0 0 0 0.16046 0 0 0.32452 0.4295 0 0 0 0.15321 0 0 0 0.2382 0.1928 0.1279 0 0 0 0 0 0.35372 0.44419 0.2178 0.56953 0 0.35333 0.22996 0.27564 0.14722 0.30638 0 0 0.16331 0.40134 0 0.18719 0 0.3094 0.54387 0.33946 0.12121 0.35051 0.22139 0.35713 0 0.5359 0 0 0.30775 0.13387 0.21297 0 0 0.22483 0.26241 0 0 0.12173 0.33477 0 0 0 0.31554 0 0.21157 0.26931 0.35232 0.29792 0.31989 0 0.15339 0.34081 0 0 0.41317 0.52769 0.30354 0.28626 0.42262 0.30464 0.29234 0.42529 0.16663 0.26089 0.20254 0.22409 0.21215 0 0 0.27672 0 0 0 0 0 0 0 0 0 0 0 0.23185 0.12686 0.20468 0.1936 0 0 0.14845 0 0 0 0 0.30635 0 0 0 0.21133 0 0 0
0 0.22164 0 0 0 0 0 0 0.149 0 0.12621 0 0 0.33482 0 0 0 0.32355 0 0 0 0 0 0 0 0.20795 0.23611 0 0.28645 0 0.42498 0 0.21306 0.23171 0.27159 0.21319 0.34302 0.25706 0.33181 0 0 0 0 0.26569 0 0 0 0 0 0.20837 0 0 0 0 0 0 0 0 0 0 0 0.27254 0 0.17175 0 0 0.3137 0.24152 0 0 0 0 0 0 0 0 0 0 0 0 0.12105 0 0.26031 0.15011 0.17604 0.30892 0.29649 0 0.29246 0.2598 0 0 0.33973 0 0 0 0 0 0 0 0 0 0 0 0 0 0.15449 0 0 0 0 0.29408 0 0 0 0 0 0 0 0.32169 0.26276 0 0 0.13253 0 0
0.46077 0.14275 0.674 0 0.28078 0.20191 0.42137 0 0 0.26973 0 0.28727 0 0 0.51413 0.25492 0.33402 0 0.13233 0.15074 0.17035 0 0 0 0 0 0 0.3233 0 0.1742 0 0 0 0.13249 0 0.15795 0 0 0 0.46755 0.20681 0.45102 0.12432 0 0.15319 0 0.26664 0.59373 0.40308 0.60104 0.37749 0.45775 0.30775 0 0 0.31552 0.85308 0.18111 0.38802 0.82315 0.70747 0 0 0 0 0.43124 0 0 0.71219 0.47205 0.81654 0 0.545 0.72886 1.0805 0.50211 0.36161 0.53308 0 0 0 0.33439 0.3214 0 0.25653 0 0 0.29285 0 0 0.19717 0.21321 0.17896 0.18855 0.23252 0.16802 0 0.29964 0.14857 0.22346 0.35543 0 0 0 0.36091 0 0 0.13149 0 0.22933 0 0 0 0.26856 0 0.12958 0.16672 0.2274 0 0 0.18824 0.23476 0.36658 0.28904 0 0
0.20927 0.60239 0 0 0 0 0 0 0 0 0 0 0 0 0 0 0.18955 0 0 0.17209 0.25273 0.1736 0 0.13529 0 0 0 0 0.17419 0 0 0 0 0 0 0 0.14736 0 0 0 0 0 0.19947 0 0 0 0 0 0 0.28503 0 0 0.13387 0 0.31552 0 0.22599 0 0 0.31744 0.33193 0.20527 0.15132 0.13511 0 0 0 0 0.23699 0 0 0 0.13259 0.26483 0.65719 0.60068 0 0.38217 0 0.14674 0 0 0.43078 0.19709 0 0 0 0.3405 0.23484 0.19617 0.37464 0 0.12196 0.16173 0 0 0 0 0 0 0.13611 0 0 0 0.23605 0 0.1384 0 0 0.15223 0 0.13339 0.27693 0 0 0 0.16244 0 0.14784 0 0 0 0.17529 0.24912 0 0
0.29245 0.16221 1.0205 0.26262 0.23698 0.27278 0.37133 0 0 0.25968 0 0.43454 0 0 0.54252 0.4392 0.29582 0 0.21428 0.26642 0 0 0 0 0 0 0 0.3301 0 0.2296 0 0.12273 0 0 0 0 0 0 0 0.37914 0.23419 0.4276 0.17642 0.1291 0.14087 0 0.1863 0.47834 0.18596 0.37284 0.15812 0.39316 0.21297 0 0.85308 0.22599 0 0.39645 0 0.36193 0.42005 0 0 0 0 0.55999 0 0 0.32572 0.50573 0.47412 0 0.22953 0.24379 0.43915 0 0.14804 0.27336 0 0 0 0.19766 0 0 0.2512 0 0 0.13569 0 0 0 0.15111 0 0 0 0 0 0.14734 0 0 0.14551 0.17942 0.14927 0 0.22316 0 0 0 0 0 0 0.17953 0 0 0 0 0 0 0 0 0 0.21319 0 0 0 0.22381
0 0 0.34246 0.80641 0.49142 0 0 0 0.14299 0.22239 0 0.95685 0.26602 0 0.13306 0.60224 0 0.19083 0 0 0 0 0 0 0.44512 0.22579 0 0 0 0 0 0.35386 0.18574 0 0 0 0 0 0 0.31841 0.31881 0.23558 0 0 0 0 0.15344 0.23801 0.27735 0.14478 0 0 0 0 0.18111 0 0.39645 0 0.28739 0 0.18728 0 0 0 0 0.9994 0.38764 0 0 0.68698 0.18424 0 0 0 0 0 0 0 0.30132 0 0 0 0 0 0.17733 0 0 0 0 0 0 0 0 0.18002 0 0 0 0.569 0.1407 0.14382 0 0.29157 0.36855 0 0 0 0 0 0 0 0 0 0 0 0 0 0 0 0 0 0.41178 0.2087 0 0 0.14715 0.18476
0 0 0 0 0.46063 0.16348 0.21391 0 0 0.24559 0 0 0 0 0.36555 0.29721 0.16172 0 0 0 0 0 0 0 0 0 0 0.19879 0 0 0 0 0.21543 0 0 0 0 0 0 0.27615 0.33846 0.1989 0.18846 0.16233 0 0 0.19123 0.45331 0.31445 0.4818 0.28711 0 0 0 0.38802 0 0 0.28739 0 0.71511 0.43094 0 0.32307 0.18756 0 0.22675 0 0 0.53208 0.62191 0.56764 0 0 0.29386 0.32249 0.28481 0.42489 0.48354 0.25156 0 0 0.24819 0.18226 0 0.14053 0 0 0 0 0 0 0.23737 0.1334 0 0 0 0 0.30359 0.26249 0 0.20519 0 0.20056 0 0 0 0.14517 0 0 0 0 0 0.16751 0 0 0 0 0 0.17175 0 0.20673 0.2071 0.13442 0 0 0
0.30509 0 0.41193 0 0.1994 0.25845 0.64692 0 0 0.45524 0 0 0 0 0.55908 0.25078 0.47243 0 0 0.24162 0.1659 0 0 0.14877 0 0 0 0 0 0.1362 0 0 0 0 0 0 0 0 0 0.24063 0.22384 0.31514 0.16077 0 0 0 0.12575 0.42414 0.29339 0.55482 0.44689 0.12972 0.22483 0 0.82315 0.31744 0.36193 0 0.71511 0 1.0804 0 0.35347 0.37714 0 0.15103 0 0 1.0253 0.52615 0.73355 0 0.33535 0.87873 0.91536 0.59717 0.40829 0.86257 0 0 0 0.13654 0.50019 0.17725 0.29022 0 0 0 0 0 0.22578 0.16671 0 0 0 0.14751 0 0 0.13441 0 0.20188 0 0 0 0.16085 0 0 0 0 0 0 0 0.18282 0 0 0 0.14848 0 0 0 0 0 0.33155 0 0 0
0.29491 0 0.43232 0 0.21757 0.19992 0.56858 0 0 0.53523 0 0.21864 0 0 0.51391 0.37463 0.38991 0 0 0.17889 0.13889 0 0 0 0 0 0 0 0 0.14899 0 0 0 0 0 0 0 0 0 0.26906 0.19703 0.39587 0.16461 0 0 0 0.17286 0.26178 0.26399 0.5182 0.44167 0 0.26241 0 0.70747 0.33193 0.42005 0.18728 0.43094 1.0804 0 0 0.37929 0.37073 0 0.28697 0 0 0.72111 0.52937 0.53413 0 0.35541 0.69908 0.67308 0.44667 0.25921 0.64731 0 0 0 0 0.23232 0 0.34785 0 0 0.13526 0 0 0.24854 0.22787 0 0.17246 0 0 0 0.15424 0 0 0 0 0 0 0 0 0 0 0.13464 0 0 0 0 0 0 0 0.19902 0 0 0 0 0 0.24983 0.13275 0 0
0 0 0 0 0 0 0 0.60781 0 0 0.14247 0 0.15483 1.0348 0 0 0 0 0 0 0.17707 0 0.27871 0.32615 0 0 0 0 0.43877 0 0.35798 0 0 0 0.26876 0 0.23886 0.23119 0 0 0 0 0 0 0 0.23088 0 0 0 0 0 0 0 0.27254 0 0.20527 0 0 0 0 0 0 0.49824 0.47328 0.17363 0 0.25082 1.3512 0 0 0 0 0 0 0 0 0 0 0 0.26926 0.27458 0 0.37797 0.36871 0 0.28154 0.2019 0 0.16832 0 0 0 0 0 0 0 0 0 0 0 0 0 0 0 0 0.22536 0.24564 0 0 0 0 0 0 0 0 0 0 0 0.24504 0.1636 0 0 0 0 0 0
0.21467 0.12896 0 0 0 0 0 0.38317 0.25715 0 0 0 0.19976 0.32152 0 0 0.22228 0 0 0.1543 0.19077 0 0 0.18465 0 0 0 0 0 0 0 0 0.1213 0 0 0 0 0.15777 0 0 0.15384 0 0 0 0 0.35194 0 0 0 0 0 0 0 0 0 0.15132 0 0 0.32307 0.35347 0.37929 0.49824 0 0.39177 0 0 0.30039 0.39985 0.25678 0.24433 0 0.17558 0 0.38565 0 0.1482 0 0 0 0 0.1467 0 0.14814 0 0 0 0.17505 0 0 0 0 0 0.14186 0 0 0 0 0 0 0 0 0 0 0 0 0 0 0 0 0 0 0 0 0 0 0 0 0 0 0.18262 0 0 0.14542 0 0 0
0 0 0 0 0 0 0 0.26071 0 0.41573 0.40492 0 0 0.41836 0 0 0 0 0 0.12348 0 0 0 0.20858 0 0 0 0 0.43581 0.2746 0 0 0 0 0 0 0 0 0 0 0 0 0 0.26989 0 0.20115 0 0.12483 0 0.23611 0.15707 0 0.12173 0.17175 0 0.13511 0 0 0.18756 0.37714 0.37073 0.47328 0.39177 0 0.28271 0 0.21371 0.47493 0.56135 0.24282 0 0 0.17415 0.26395 0.14227 0.13058 0 0.25767 0 0.20165 0.12175 0.18788 0.54141 0.57106 0.67765 0.43249 0.39987 0 0 0 0.13338 0 0 0 0 0 0 0 0 0 0 0 0 0 0 0 0 0 0.14117 0 0 0 0 0 0 0 0 0 0 0 0 0 0 0 0 0
0 0 0.13722 0 0 0 0 0 0 0.19305 0.78356 0 0.22064 0.19904 0 0 0 0 0.2827 0.13512 0.12945 0 0 0 0 0 0.21725 0.48719 0.62684 0.20164 0.33342 0.15347 0 0 0.33942 0.19166 0.27022 0.27785 0 0 0 0.28207 0 0.18092 0.152 0.16296 0 0 0 0.26028 0 0.26364 0.33477 0 0 0 0 0 0 0 0 0.17363 0 0.28271 0 0.15671 0 0.21134 0.25091 0 0 0 0.3281 0 0 0 0 0 0 0 0.12517 0.47149 0.36566 0.31749 0.44909 0.37803 0.34813 0.21501 0.24865 0 0.13965 0.17193 0.15388 0 0 0 0 0 0 0 0 0 0 0 0 0.22972 0.18694 0 0 0 0 0 0 0 0 0 0 0 0 0 0 0 0 0 0 0
0.13505 0 0.50494 0.71501 0.58521 0 0.22549 0 0 0.30853 0 1.2206 0.20424 0 0.25418 0.69136 0 0 0 0 0 0 0 0 0.2944 0 0.16901 0.32601 0 0.24943 0 0.35418 0.23804 0 0 0 0 0 0 0.3675 0.39465 0.31568 0 0.15521 0.20537 0 0.21917 0.37117 0.27539 0.19251 0 0.14008 0 0 0.43124 0 0.55999 0.9994 0.22675 0.15103 0.28697 0 0 0 0.15671 0 0.26974 0 0.12481 0.71809 0.31369 0 0 0.18766 0 0 0 0 0.25184 0 0 0.25922 0 0 0.1797 0 0.14855 0 0 0 0 0 0.15229 0 0 0 0 0.55843 0 0 0 0 0.20087 0.14203 0 0 0 0 0 0 0 0 0 0 0.15312 0 0 0 0 0 0.368 0.3129 0 0 0 0.25549
0 0 0 0.36295 0.25235 0 0 0.53609 0.56991 0 0 0.27551 1.0963 0.41948 0 0.18096 0 0.17971 0 0 0 0.12505 0.16478 0 0.26169 0.54072 0 0 0.16165 0 0.14041 0 0 0 0 0 0 0 0 0 0 0.14928 0 0 0 0 0 0 0.16927 0 0 0 0 0.3137 0 0 0 0.38764 0 0 0 0.25082 0.30039 0.21371 0 0.26974 0 0.32914 0 0.34964 0 0 0 0 0 0 0 0 0 0.14309 0 0 0 0 0 0 0 0 0 0 0 0 0 0 0 0 0 0 0 0 0 0 0.19803 0 0 0 0 0 0 0 0 0 0 0 0.20123 0 0 0 0 0 0 0 0 0 0 0
0 0 0 0 0 0 0 0.61076 0.13934 0 0.21616 0 0.26062 1.4962 0 0 0 0 0 0 0 0 0 0.13475 0 0 0 0 0.29192 0 0.33871 0 0 0 0 0 0 0 0 0 0 0 0 0 0 0.18843 0 0 0 0 0 0 0 0.24152 0 0 0 0 0 0 0 1.3512 0.39985 0.47493 0.21134 0 0.32914 0 0 0 0 0 0 0 0 0 0 0 0 0 0.19725 0 0.20406 0.40258 0 0.36007 0.2852 0 0 0 0 0 0 0 0 0 0 0 0 0 0 0 0 0 0 0 0.19841 0 0 0 0 0 0 0 0.14473 0.14558 0 0 0 0.20893 0 0 0 0 0 0
0.16651 0 0.32603 0 0 0 0.4471 0 0 0.45929 0.2467 0 0 0 0.43696 0.13364 0.36253 0 0.24919 0.26045 0 0 0 0 0 0 0 0.31682 0.26754 0.22476 0 0 0 0 0 0 0 0 0 0.25068 0 0.38024 0 0.28726 0.14024 0 0 0.48782 0.31759 0.68515 0.40927 0.34996 0.31554 0 0.71219 0.23699 0.32572 0 0.53208 1.0253 0.72111 0 0.25678 0.56135 0.25091 0.12481 0 0 0 0.36829 0.81999 0 0.46884 0.74385 0.72861 0.46751 0.30718 0.71031 0 0 0 0.31424 0.81413 0.46468 0.59087 0 0.14124 0.25782 0 0 0.27375 0.31777 0 0 0 0 0 0 0 0 0.1502 0 0 0 0 0 0 0 0 0 0 0 0 0 0 0 0.12932 0 0 0 0 0 0.20892 0 0 0
0.17109 0 0.46555 0.42573 0.63499 0.28786 0.44114 0 0 0.46052 0 0.59954 0.25167 0 0.5532 0.96382 0.23991 0 0 0.22 0 0 0 0 0 0 0 0.12786 0 0 0 0 0 0 0 0 0 0 0 0.32791 0.70052 0.37904 0.14026 0.12934 0 0 0.19456 0.42209 0.38929 0.24533 0.22074 0 0 0 0.47205 0 0.50573 0.68698 0.62191 0.52615 0.52937 0 0.24433 0.24282 0 0.71809 0.34964 0 0.36829 0 0.59174 0 0 0.31454 0.20957 0 0.18407 0.21594 0.16731 0 0 0 0 0 0.14353 0 0 0 0 0 0 0 0 0.14275 0 0 0 0.3526 0.29019 0.20661 0 0 0.22772 0 0 0 0 0 0 0 0 0 0 0 0 0 0 0 0 0 0.13222 0.25098 0 0 0 0.1276
0.43354 0.13013 0.58095 0 0.34051 0.43621 0.56329 0 0 0.3981 0 0.1548 0 0 0.81638 0.38412 0.60993 0 0.40724 0.30949 0.29356 0 0 0 0 0 0 0.47824 0 0.14431 0 0 0 0 0 0 0 0 0 0.40368 0.28938 0.58542 0.16574 0.21632 0.23604 0 0.24291 0.62788 0.43279 0.51457 0.23413 0.28711 0.21157 0 0.81654 0 0.47412 0.18424 0.56764 0.73355 0.53413 0 0 0 0 0.31369 0 0 0.81999 0.59174 0 0 0.47558 0.62956 0.70699 0.43735 0.35657 0.63913 0 0 0 0.21378 0.34559 0 0.27998 0 0 0.18688 0 0 0.16512 0.31143 0 0.14399 0.14127 0 0 0.19257 0.16627 0.26235 0.40145 0 0.23582 0 0.19979 0 0 0 0 0 0 0 0 0 0 0 0.19559 0.13937 0 0 0 0.1437 0.27932 0.24034 0 0
0 0 0 0 0 0 0 0.16334 0.26441 0 0 0 0 0 0 0 0 0.49464 0 0 0 0 0 0 0 0 0.12222 0 0 0.27274 0.16085 0.32309 0.18164 0.24058 0 0.18617 0 0 0 0 0 0 0 0.16098 0.43053 0.16876 0 0 0 0 0 0 0.26931 0 0 0 0 0 0 0 0 0 0.17558 0 0 0 0 0 0 0 0 0 0 0 0 0 0 0 0.15162 0 0.14648 0 0 0 0 0.21283 0.14926 0 0 0.21289 0 0 0 0 0 0 0 0 0 0 0 0 0.1559 0 0 0 0 0 0 0 0 0 0.15074 0 0 0 0 0 0 0.16013 0 0 0 0 0.2002 0
0.3371 0.14702 0.25655 0 0 0.13662 0.24976 0 0 0.31952 0.28731 0 0.13511 0 0.31529 0 0.20078 0 0.47119 0 0.30174 0 0 0 0 0 0 0.44325 0.32163 0 0 0 0 0 0.13173 0 0 0 0 0.22734 0 0.47685 0 0.1456 0.16571 0 0 0.34738 0.38684 0.57378 0.20683 0.40499 0.35232 0 0.545 0.13259 0.22953 0 0 0.33535 0.35541 0 0 0.17415 0.3281 0 0 0 0.46884 0 0.47558 0 0 0.43465 0.47721 0.35632 0.22878 0.38342 0 0 0 0.2423 0.55441 0 0.39531 0 0.12954 0.42173 0.17037 0 0.27642 0.32615 0.2638 0 0.23565 0 0 0 0 0 0 0 0 0.22859 0.21397 0.33051 0.16969 0.15493 0.13347 0.26301 0.22193 0 0 0.25627 0.13272 0.2096 0.15181 0 0 0 0 0 0.17638 0 0 0
0.49418 0.21817 0.42853 0 0.18694 0.13789 0.51019 0 0 0.25556 0 0 0 0 0.32376 0 0.46855 0 0 0.26327 0.40641 0 0 0 0 0 0 0.22034 0 0.12677 0 0 0 0 0 0 0 0 0 0.25884 0.15365 0.28809 0 0.22648 0 0.13414 0.23338 0.34554 0.30361 0.4781 0.20608 0.21981 0.29792 0 0.72886 0.26483 0.24379 0 0.29386 0.87873 0.69908 0 0.38565 0.26395 0 0.18766 0 0 0.74385 0.31454 0.62956 0 0.43465 0 0.86138 0.52982 0.13659 0.55428 0 0 0 0.22572 0.52409 0.15865 0.29856 0 0 0.214 0 0 0.32358 0 0.18295 0 0 0.26467 0 0 0 0.17727 0.26726 0 0 0 0.20372 0 0.2234 0 0 0.26659 0 0 0 0 0 0.27788 0.14737 0.12913 0.19869 0 0 0 0.56492 0.32628 0 0
0.61536 0.3709 0.4939 0 0 0.15012 0.45434 0 0 0.17002 0 0 0 0 0.40332 0 0.56237 0 0 0.25186 0.49888 0 0 0 0 0 0 0.17405 0 0 0 0 0 0.18014 0 0.18017 0 0 0.14841 0.29896 0 0.27221 0.1246 0 0 0 0.30964 0.35626 0.22139 0.52366 0.25853 0.3763 0.31989 0 1.0805 0.65719 0.43915 0 0.32249 0.91536 0.67308 0 0 0.14227 0 0 0 0 0.72861 0.20957 0.70699 0 0.47721 0.86138 0 0.88407 0.38116 0.78698 0 0 0.13852 0.35038 0.56937 0.19927 0.22663 0 0 0.38848 0 0.23701 0.4042 0.22586 0.25667 0.21859 0.2125 0.40603 0 0.14681 0 0.2037 0.41925 0 0 0 0.31194 0 0.23936 0.13445 0 0.33779 0.154 0.18577 0.27565 0.33262 0 0 0.27233 0.26264 0.33402 0 0 0.1262 0.59299 0.4471 0 0
0.26842 0.17764 0 0 0 0 0 0 0 0 0 0 0 0 0.26585 0 0.35839 0 0 0.17242 0.28253 0.37246 0 0 0 0 0 0 0 0 0 0 0 0.14133 0 0 0 0 0.14398 0 0 0.12209 0.20771 0 0 0 0.15179 0.18082 0.26706 0.26383 0.31321 0 0 0 0.50211 0.60068 0 0 0.28481 0.59717 0.44667 0 0.1482 0.13058 0 0 0 0 0.46751 0 0.43735 0 0.35632 0.52982 0.88407 0 0.4313 0.78676 0 0.42851 0 0.21488 0.45053 0 0.17371 0 0 0.53572 0.30484 0.29757 0.67997 0.54817 0 0.19609 0.16644 0.21222 0 0 0 0 0.19178 0 0 0 0.38769 0 0.20064 0 0 0 0.1291 0 0.2733 0 0 0.13723 0.30785 0.14795 0.29618 0 0 0 0.32929 0.31264 0 0
0 0 0.1438 0 0.14754 0 0.15025 0 0 0.49194 0 0 0 0 0.39293 0 0 0 0 0 0 0 0 0 0 0 0 0.23722 0 0.18219 0 0.26017 0.14544 0 0 0 0 0 0 0.33176 0.1604 0.16608 0.12577 0.1501 0 0 0.26151 0.30775 0.17701 0.30037 0.18339 0.26625 0.15339 0 0.36161 0 0.14804 0 0.42489 0.40829 0.25921 0 0 0 0 0 0 0 0.30718 0.18407 0.35657 0 0.22878 0.13659 0.38116 0.4313 0 0.70779 0.71298 0 0 0.19235 0 0 0.22735 0 0 0.26906 0 0 0.26312 0.59711 0.13585 0.19493 0.28631 0 0 0.40292 0.2972 0.12274 0.12167 0 0 0 0.13287 0 0 0.17895 0 0 0 0 0.29738 0 0 0 0.23129 0.22538 0.22408 0 0.24184 0.23927 0.33967 0 0 0
0 0 0.28581 0 0 0 0.28639 0 0 0.528 0 0 0 0 0.58771 0 0.37124 0 0.22951 0.19222 0 0 0 0 0 0 0 0.24878 0.15837 0.18754 0 0 0 0 0 0 0 0 0 0.27224 0 0.27674 0.35512 0.15205 0 0 0.20013 0.42917 0.35804 0.47834 0.24413 0.23383 0.34081 0 0.53308 0.38217 0.27336 0 0.48354 0.86257 0.64731 0 0 0.25767 0 0 0 0 0.71031 0.21594 0.63913 0 0.38342 0.55428 0.78698 0.78676 0.70779 0 0.23812 0.31947 0 0 0.46675 0.19436 0.39927 0 0 0.38084 0 0 0.58356 0.66206 0 0.18101 0.16166 0 0 0 0 0 0.15916 0 0 0 0.25209 0 0 0 0 0 0 0 0.19732 0 0 0 0.256 0 0.20621 0 0 0 0.18968 0 0 0
0 0 0 0.1669 0.13161 0 0 0.13594 0 0.48707 0 0.32126 0.1978 0 0.20602 0.14289 0 0.13848 0 0 0 0 0 0 0.62128 0.30456 0 0.2451 0 0.24704 0 0.69827 0.15173 0 0 0 0 0 0 0.29587 0 0.22664 0.16648 0.14567 0 0 0.17637 0.19191 0.29191 0.24657 0 0 0 0 0 0 0 0.30132 0.25156 0 0 0 0 0 0 0.25184 0 0 0 0.16731 0 0.15162 0 0 0 0 0.71298 0.23812 0 0.14768 0 0 0 0 0.37039 0 0 0.16419 0 0 0.13105 0.60179 0 0.14334 0 0 0 0.4638 0 0 0 0 0.16345 0 0 0 0 0 0 0 0 0 0.12182 0 0 0 0.12463 0 0 0 0.28558 0 0 0 0 0
0 0 0 0 0 0 0 0.5179 0.21759 0 0 0 0 0 0 0 0.13881 0 0 0 0 0.38804 0.30775 0 0 0.46216 0 0 0 0 0 0 0 0 0.22134 0 0.19311 0.15408 0 0 0 0 0.23175 0 0 0 0 0 0.13312 0 0 0 0 0 0 0.14674 0 0 0 0 0 0.26926 0 0.20165 0 0 0.14309 0 0 0 0 0 0 0 0 0.42851 0 0.31947 0.14768 0 0 0 0 0 0.16152 0 0 0.12948 0.30142 0 0.43364 0.36483 0 0.18476 0 0 0 0 0 0 0 0 0 0 0 0 0 0 0 0 0 0 0.16785 0 0 0 0.22167 0 0 0 0 0 0 0 0 0
0 0 0 0 0 0 0 0 0 0 0.35602 0 0 0.16018 0 0 0 0.3244 0 0 0.31174 0 0 0 0 0 0.61702 0.17596 0.1717 0.3009 0.37467 0.24643 0.53755 0.70833 0.49676 0.618 0.39528 0.46175 0.84787 0 0 0 0 0.22088 0.15609 0.33949 0 0 0 0 0 0.39488 0.41317 0.12105 0 0 0 0 0 0 0 0.27458 0.1467 0.12175 0.12517 0 0 0.19725 0 0 0 0.14648 0 0 0.13852 0 0 0 0 0 0 0.57452 0.17024 0.34281 0 0.45614 0.71026 0.37284 0.47428 0.66914 0.23043 0 0.5983 0 0 0.55143 0.13641 0 0 0 0 0 0 0.20142 0 0.27542 0.49374 0.15292 0.1917 0.2069 0.2059 0 0 0.1633 0 0.20848 0 0 0.65032 0.45492 0.29096 0.17495 0.18227 0 0 0
0.18729 0 0.2732 0 0 0 0 0 0 0 0.48863 0 0 0 0 0 0 0 0.17266 0.18261 0.21856 0 0 0 0 0 0.58978 0.64558 0.28275 0.51712 0.17736 0.37217 0.43807 0.59188 0.30198 0.63238 0.30443 0.29808 0.62159 0.31746 0 0.18575 0 0.48656 0.36277 0.15162 0.20896 0.33407 0 0.36209 0 0.74077 0.52769 0 0.33439 0 0.19766 0 0.24819 0.13654 0 0 0 0.18788 0.47149 0.25922 0 0 0.31424 0 0.21378 0 0.2423 0.22572 0.35038 0.21488 0.19235 0 0 0 0.57452 0 0.30661 0.27395 0.37905 0.2768 0.73406 0.58493 0.45436 0.59425 0.40154 0.31054 0.68719 0 0 0.40177 0 0.17151 0 0 0 0 0 0.14429 0 0.23346 0.27322 0 0 0.19659 0 0.43221 0 0.19094 0 0 0 0 0.33736 0.21844 0.29376 0.1283 0.30184 0 0 0
0.2187 0.25732 0.14552 0 0 0 0.19299 0 0 0.13364 0.28479 0 0 0 0.12876 0 0.25952 0 0.38538 0.29133 0.36682 0 0 0.32131 0 0 0 0.24161 0.70908 0 0 0 0 0 0.29287 0 0.20189 0 0.15325 0 0 0.28757 0 0.27527 0 0 0 0.32318 0.16887 0.58842 0.18909 0.28918 0.30354 0.26031 0.3214 0.43078 0 0 0.18226 0.50019 0.23232 0.37797 0.14814 0.54141 0.36566 0 0 0.20406 0.81413 0 0.34559 0 0.55441 0.52409 0.56937 0.45053 0 0.46675 0 0 0.17024 0.30661 0 0.62911 0.56949 0.17058 0.30562 0.39707 0.31984 0.13681 0.35702 0.2809 0.2904 0 0 0.12194 0 0 0 0 0 0 0 0 0 0.23232 0.3647 0 0 0.17878 0.19583 0.23943 0 0.31717 0 0 0 0 0.35184 0 0 0 0.15191 0.17421 0 0
0 0 0 0 0 0 0 0 0 0 0.38286 0 0 0.2934 0 0 0 0 0 0 0 0 0 0.20416 0 0 0 0.15147 0.3309 0.39674 0 0 0 0 0.16626 0 0.15252 0.18693 0 0 0 0 0 0.2419 0.18033 0 0 0 0 0.12664 0 0.28856 0.28626 0.15011 0 0.19709 0 0 0 0.17725 0 0.36871 0 0.57106 0.31749 0 0 0.40258 0.46468 0 0 0 0 0.15865 0.19927 0 0 0.19436 0 0 0.34281 0.27395 0.62911 0 0.35259 0.56074 0.43701 0 0.15297 0 0.18922 0 0 0 0 0.22409 0 0 0 0 0 0 0 0 0 0 0.29311 0 0.15345 0 0 0 0.15985 0 0 0 0 0 0.2379 0 0 0 0 0 0 0
0 0 0.29229 0 0 0 0 0 0 0.49338 0.34595 0 0 0 0 0 0 0 0.20935 0 0 0 0 0 0 0 0 0.38958 0.40862 0.2265 0 0.27512 0 0 0 0 0 0 0 0.2397 0 0.3756 0 0.25494 0 0 0.16831 0.26986 0.36951 0.59168 0.21454 0.32484 0.42262 0.17604 0.25653 0 0.2512 0.17733 0.14053 0.29022 0.34785 0 0 0.67765 0.44909 0.1797 0 0 0.59087 0.14353 0.27998 0 0.39531 0.29856 0.22663 0.17371 0.22735 0.39927 0.37039 0.16152 0 0.37905 0.56949 0.35259 0 0.50003 0.43125 0.4269 0.17094 0 0.27226 0.50701 0.33096 0 0 0 0 0.12192 0 0 0 0 0 0 0 0 0 0 0 0 0 0.26308 0 0 0 0 0 0 0 0 0.21906 0 0 0 0 0
0 0 0 0 0 0 0 0 0 0 0.4103 0 0 0.46667 0 0 0 0 0 0 0 0 0 0 0 0 0.24158 0 0.19905 0.27551 0.31975 0.32546 0.16348 0.19723 0.19984 0.22891 0.25185 0.20693 0.17298 0 0 0 0 0.13887 0 0 0 0 0 0 0 0.37911 0.30464 0.30892 0 0 0 0 0 0 0 0.28154 0 0.43249 0.37803 0 0 0.36007 0 0 0 0.21283 0 0 0 0 0 0 0 0 0.45614 0.2768 0.17058 0.56074 0.50003 0 0.65937 0 0.21969 0.15909 0 0 0.32919 0 0 0 0 0 0 0 0 0 0 0 0 0.18314 0.13065 0.14631 0 0 0 0 0 0 0 0 0 0 0 0.39404 0.15966 0 0 0 0 0
0 0 0 0 0 0 0 0 0 0 0.42907 0 0 0.29253 0 0 0 0.25268 0 0 0 0 0 0 0 0 0.4082 0.34506 0.33398 0.31671 0.37942 0.38254 0.65083 0.46728 0.14498 0.37078 0.17275 0.26158 0.5302 0 0 0 0 0.33069 0.15942 0.1477 0 0.15303 0 0.18838 0 0.4726 0.29234 0.29649 0 0 0 0 0 0 0 0.2019 0.17505 0.39987 0.34813 0.14855 0 0.2852 0.14124 0 0 0.14926 0.12954 0 0 0 0 0 0 0 0.71026 0.73406 0.30562 0.43701 0.43125 0.65937 0 0.30695 0.30343 0.43426 0 0.1341 0.69341 0 0 0 0 0 0 0 0 0 0 0 0 0.19634 0.21119 0 0 0 0 0 0 0 0 0 0 0 0.27499 0.45483 0.35793 0.28531 0 0 0 0
0 0.19873 0 0 0 0 0 0 0 0.18744 0.23369 0 0 0 0 0 0.1438 0.25096 0.26838 0.16965 0.17349 0.1689 0 0 0 0 0.47169 0.40579 0.28213 0.31303 0 0.49475 0.1316 0.7516 0.4883 0.71944 0.42187 0.38799 0.52311 0.3661 0 0.32524 0.33037 0.40253 0.22457 0.15606 0.302 0.38332 0.43414 0.54877 0 0.62545 0.42529 0 0.29285 0.3405 0.13569 0 0 0 0.13526 0 0 0 0.21501 0 0 0 0.25782 0 0.18688 0 0.42173 0.214 0.38848 0.53572 0.26906 0.38084 0.16419 0.12948 0.37284 0.58493 0.39707 0 0.4269 0 0.30695 0 0.88703 0.79109 0.98836 0.8462 0.50769 0 0.25856 0.26661 0 0.13526 0 0 0 0 0 0 0.21507 0.17176 0.37706 0 0 0.18237 0.28715 0.43865 0.14255 0 0 0 0.15718 0 0.51122 0.17761 0.19625 0 0.21985 0 0 0
0 0.38163 0 0 0 0 0 0 0 0 0.29263 0 0 0 0 0 0.14998 0.34459 0 0.14542 0.31298 0.27352 0 0.12341 0 0 0.49267 0.16726 0.40908 0.14376 0.35166 0.3015 0.14245 0.632 1.2146 0.69324 1.061 0.91145 0.70681 0 0 0 0.18906 0.31686 0 0.27933 0 0 0.14724 0.20406 0 0.32549 0.16663 0.29246 0 0.23484 0 0 0 0 0 0.16832 0 0 0.24865 0 0 0 0 0 0 0 0.17037 0 0 0.30484 0 0 0 0.30142 0.47428 0.45436 0.31984 0.15297 0.17094 0.21969 0.30343 0.88703 0 0.64619 0.95235 0.42354 0.43443 0 0 0.22263 0 0 0 0 0 0 0 0 0 0.29178 0.43637 0 0 0.13173 0.27118 0.37133 0 0 0 0 0 0 0.32735 0.16082 0 0 0 0 0 0
0 0.31286 0 0 0 0 0 0 0 0 0.1259 0 0 0 0 0 0 0.33957 0 0 0.13627 0.19504 0 0 0 0 0.70833 0.20761 0 0.13466 0 0.27954 0.42885 1.2589 0.52164 1.0763 0.4511 0.39524 0.99121 0.23116 0 0 0 0.36195 0.23803 0 0.19267 0.22301 0.13595 0.13947 0 0.45558 0.26089 0.2598 0 0.19617 0 0 0 0 0 0 0 0 0 0 0 0 0 0 0 0.21289 0 0 0.23701 0.29757 0 0 0 0 0.66914 0.59425 0.13681 0 0 0.15909 0.43426 0.79109 0.64619 0 0.42425 0.27551 0.74416 0 0.18366 0.58056 0.34037 0.23927 0.12618 0.12985 0.29871 0 0 0.12367 0 0 0.4203 0.20095 0 0.32866 0.4009 0.48569 0.24461 0.17864 0 0 0 0.20548 0.61154 0.56263 0.35236 0.16495 0.32913 0.2208 0.26567 0
0 0.15113 0 0 0 0 0 0 0 0 0 0 0 0 0.12988 0 0.17921 0 0 0.15918 0.12085 0.18918 0 0 0 0 0.20772 0.26226 0.22311 0.25389 0 0.26907 0 0.34649 0.52452 0.3724 0.61435 0.47232 0.32963 0.2229 0 0.20548 0.35447 0.35164 0 0 0.14913 0.23802 0.20724 0.46178 0 0.42655 0.20254 0 0.19717 0.37464 0 0 0 0.22578 0.24854 0 0 0.13338 0.13965 0 0 0 0.27375 0 0.16512 0 0.27642 0.32358 0.4042 0.67997 0.26312 0.58356 0.13105 0.43364 0.23043 0.40154 0.35702 0.18922 0.27226 0 0 0.98836 0.95235 0.42425 0 0.88539 0.22683 0 0 0.2199 0 0 0 0 0 0 0 0 0.18744 0.23226 0.37134 0 0 0 0 0.32612 0 0 0 0 0.13976 0 0.27783 0 0 0 0 0 0 0
0 0 0 0 0 0 0 0 0 0.27504 0 0 0 0 0.37401 0 0 0 0.28178 0 0 0.19443 0 0 0 0.14839 0 0.506 0.22431 0.2154 0 0.39508 0 0.22997 0.15018 0.15176 0.1559 0.25764 0 0.2298 0 0.4161 0.33486 0.27039 0.18588 0 0.28477 0.31779 0.32164 0.52145 0.15351 0.38972 0.22409 0 0.21321 0 0.15111 0 0.23737 0.16671 0.22787 0 0 0 0.17193 0 0 0 0.31777 0 0.31143 0 0.32615 0 0.22586 0.54817 0.59711 0.66206 0.60179 0.36483 0 0.31054 0.2809 0 0.50701 0 0.1341 0.8462 0.42354 0.27551 0.88539 0 0.17309 0 0.21133 0 0 0.13022 0 0 0 0 0 0 0.21197 0 0.16075 0 0 0 0 0.29438 0.16718 0 0 0 0.19648 0 0.28862 0 0 0 0 0 0 0
0.19157 0.27474 0.12911 0.16381 0.30745 0 0 0 0 0 0.22685 0.13744 0 0 0 0 0 0.19338 0 0 0.2218 0 0 0 0 0 0.63523 0.36806 0.2058 0 0.17041 0.24853 0.44684 0.80316 0.3454 0.69926 0.42577 0.35326 0.98439 0.18547 0 0 0 0.27107 0 0 0.17175 0 0 0.33803 0 0.46572 0.21215 0.33973 0.17896 0.12196 0 0 0.1334 0 0 0 0.14186 0 0.15388 0.15229 0 0 0 0 0 0 0.2638 0.18295 0.25667 0 0.13585 0 0 0 0.5983 0.68719 0.2904 0 0.33096 0.32919 0.69341 0.50769 0.43443 0.74416 0.22683 0.17309 0 0 0 0 0 0.34619 0 0.19078 0.15268 0 0 0 0 0.23119 0.3842 0 0 0.12931 0.12077 0.3621 0.12556 0.12671 0 0 0 0 0.44752 0.67336 0.843 0.56829 0.54104 0.29654 0.13424 0.1706
0.14557 0 0 0 0 0.16844 0 0 0 0 0 0 0 0 0.26565 0 0.13067 0 0 0 0.15448 0 0 0 0 0 0 0 0 0 0 0 0 0 0 0 0 0 0 0 0.14559 0.27606 0.23628 0 0 0 0.6015 0 0.14345 0 0.12707 0 0 0 0.18855 0.16173 0 0.18002 0 0 0.17246 0 0 0 0 0 0 0 0 0.14275 0.14399 0 0 0 0.21859 0.19609 0.19493 0.18101 0.14334 0.18476 0 0 0 0 0 0 0 0 0 0 0 0 0 0 0.84478 0 0.20648 0.43035 0.30138 0 0.50297 0.38994 0 0 0.34481 0 0 0 0 0.13864 0 0 0.23633 0 0.26258 0 1.1486 0.82653 0.177 0 0.20649 0.14915 0.21214 0.26856 0.18859 0
0.20123 0 0 0 0 0.29325 0.1955 0 0 0 0 0 0 0 0.32262 0 0 0 0.19605 0.12977 0.20275 0 0 0 0 0 0.12858 0 0 0 0 0.13167 0 0 0 0.14796 0 0 0 0 0.14011 0.34475 0.24011 0 0 0 0.70697 0 0.32086 0.14368 0 0 0 0 0.23252 0 0 0 0 0 0 0 0 0 0 0 0 0 0 0 0.14127 0 0.23565 0 0.2125 0.16644 0.28631 0.16166 0 0 0 0 0 0 0 0 0 0.25856 0 0.18366 0 0.21133 0 0.84478 0 0.26167 0.21979 0.35396 0.38403 0 0.56327 0.23469 0 0.15495 0.39472 0.17859 0.16346 0.29885 0 0.49648 0.3389 0.18105 0.18493 0.31877 0.19636 0.20367 0.86161 0.89973 0.4252 0 0 0 0.19503 0.17999 0.23761 0
0.36997 0.13652 0 0 0 0.13725 0.26322 0 0 0 0 0 0 0 0.14067 0 0.28947 0.1337 0 0.23984 0.39014 0 0 0.32068 0 0 0.51044 0.1274 0 0.26986 0 0 0 0.41353 0.32301 0.55759 0.20474 0 0.38145 0.17949 0 0 0 0.18164 0.27414 0.13487 0.26774 0.20598 0 0 0 0.29563 0.27672 0 0.16802 0 0 0 0 0.14751 0 0 0 0 0 0 0 0 0 0 0 0 0 0.26467 0.40603 0.21222 0 0 0 0 0.55143 0.40177 0.12194 0.22409 0 0 0 0.26661 0.22263 0.58056 0.2199 0 0 0 0.26167 0 0.46938 0 0.16986 0 0.27358 0 0 0.23447 0 0 0.34324 0.23135 0.18758 0.54657 0.3199 0.24332 0.22246 0.35635 0 0.14394 0 0.18152 0.6722 0.17807 0 0 0.31967 0.15419 0.13212 0
0 0 0 0 0 0 0 0 0.3273 0 0 0 0 0 0 0 0 0 0 0 0 0 0 0 0 0 0.13175 0 0 0 0 0 0 0.28722 0 0.18199 0 0 0 0 0 0 0 0 0 0 0 0 0 0 0 0 0 0 0 0 0 0 0 0 0 0 0 0 0 0 0 0 0 0 0 0 0 0 0 0 0 0 0 0 0.13641 0 0 0 0 0 0 0 0 0.34037 0 0 0 0.20648 0.21979 0.46938 0 0.41949 0.4561 0.33192 0.45198 0.37276 0.15514 0 0 0 0 0.3052 0 0.24362 0.19399 0 0.56411 0 0 0.17857 0.14329 0.50551 0.21918 0.41835 0.15186 0.1256 0.29967 0.23842 0.48018 0
0 0 0 0.36559 0.46281 0 0 0 0.15897 0.14937 0 0.50716 0 0 0.14306 0 0 0 0 0 0 0 0 0 0.24746 0 0.191 0 0 0 0 0.41968 0.30622 0.28615 0 0.15573 0 0 0 0.25296 0.16944 0.14967 0 0 0 0 0.47616 0.17901 0.20717 0.19024 0 0.12136 0 0 0.29964 0 0.14734 0.569 0.30359 0 0.15424 0 0 0 0 0.55843 0 0 0 0.3526 0.19257 0 0 0 0.14681 0 0.40292 0 0.4638 0 0 0.17151 0 0 0.12192 0 0 0.13526 0 0.23927 0 0.13022 0.34619 0.43035 0.35396 0 0.41949 0 0.64721 0.50765 0.46631 0.28988 0.27972 0.13849 0.1672 0 0.12458 0.19611 0 0 0 0.22375 0.40174 0 0.18936 0.13014 0.31946 0.39946 0.19705 0.41605 0.9345 0.69792 0.47433 0.25537 0.26697 0.21158
0.13777 0 0 0 0.41449 0.48075 0.30192 0 0.2712 0 0 0 0 0 0.27533 0.12826 0 0 0 0 0 0 0.2264 0 0 0 0.12432 0 0 0 0 0 0.24645 0 0 0 0 0 0 0 0.20784 0 0 0 0 0 0.27482 0 0 0 0 0 0 0 0.14857 0 0 0.1407 0.26249 0.13441 0 0 0 0 0 0 0 0 0 0.29019 0.16627 0 0 0 0 0 0.2972 0 0 0 0 0 0 0 0 0 0 0 0 0.12618 0 0 0 0.30138 0.38403 0.16986 0.4561 0.64721 0 0.69347 0.54871 0.28017 0.3098 0.36491 0 0 0 0.24879 0.12142 0.28004 0.22944 0 0.25478 0.25439 0.24996 0.25133 0.23463 0.39419 0.29241 0.22569 0.36168 0.77653 0.37119 0.13241 0.25216 0.19173
0.26364 0.1392 0 0 0.20043 0.27909 0.22208 0 0.14415 0 0 0 0 0 0.12696 0 0.15323 0 0 0 0.24446 0 0 0 0 0 0 0 0 0 0 0 0.14686 0 0 0.16837 0 0 0.19757 0.15411 0 0 0 0 0.12519 0.1405 0 0 0 0 0 0 0 0 0.22346 0 0 0.14382 0 0 0 0 0 0 0 0 0 0 0 0.20661 0.26235 0 0 0.17727 0.2037 0 0.12274 0 0 0 0 0 0 0 0 0 0 0 0 0.12985 0 0 0.19078 0 0 0 0.33192 0.50765 0.69347 0 0.63832 0.26878 0.43966 0.28793 0 0 0 0.44452 0.19346 0.21361 0.25574 0 0.1621 0.13012 0 0 0 0.1659 0 0 0.404 0.68558 0.41927 0.29437 0.3007 0.20708
0.3326 0.26969 0 0 0.14693 0.38484 0.25215 0 0 0 0 0 0 0 0.29346 0 0.33045 0 0.1889 0.21532 0.29614 0 0 0.12533 0 0 0.1518 0 0 0 0 0 0 0.13644 0 0.20414 0 0 0.17546 0 0 0 0 0 0 0 0.57277 0.17585 0 0.14548 0 0 0 0 0.35543 0.13611 0.14551 0 0.20519 0.20188 0 0 0 0 0 0 0 0 0.1502 0 0.40145 0 0 0.26726 0.41925 0.19178 0.12167 0.15916 0 0 0 0 0 0 0 0 0 0 0 0.29871 0 0 0.15268 0.50297 0.56327 0.27358 0.45198 0.46631 0.54871 0.63832 0 0.56549 0.29329 0.12826 0.31736 0 0 0.28299 0 0.4671 0.2845 0.22395 0.38254 0.17041 0 0 0.44285 0.56778 0.26843 0 0.25356 0.40402 0.4511 0.59253 0.59227 0.18302
0.18047 0.16334 0 0.2072 0.16496 0.1805 0 0 0.17932 0 0 0 0 0 0 0 0 0 0 0 0 0 0.15038 0 0.25018 0.13377 0 0 0 0 0 0 0 0 0 0 0 0 0 0 0 0 0 0 0 0 0.26476 0 0 0 0 0 0 0 0 0 0.17942 0.29157 0 0 0 0 0 0 0 0 0 0 0 0 0 0 0 0 0 0 0 0 0 0 0 0 0 0 0 0 0 0 0 0 0 0 0 0.38994 0.23469 0 0.37276 0.28988 0.28017 0.26878 0.56549 0 0.46449 0 0 0 0 0.12724 0 0 0.33253 0.21314 0.49325 0 0 0 0.15231 0.50556 0 0.22767 0.17987 0.2826 0.22454 0.55435 1.044 0.2844
0 0 0 0.20399 0.34615 0.3388 0 0 0.26694 0 0 0 0.13709 0 0.26539 0 0 0 0 0 0 0 0 0 0.31955 0.12852 0 0.14003 0 0 0 0 0 0 0 0 0 0 0 0.20157 0 0.21747 0 0.19684 0.25037 0 0 0.35936 0 0 0 0 0 0 0 0 0.14927 0.36855 0.20056 0 0 0 0 0 0 0.20087 0.19803 0 0 0.22772 0.23582 0.1559 0 0 0 0 0 0 0.16345 0 0 0 0 0 0 0 0 0 0 0 0 0 0 0 0 0 0.15514 0.27972 0.3098 0.43966 0.29329 0.46449 0 0 0 0 0 0 0 0 0.30509 0.2328 0 0 0 0 0 0 0 0 0 0.24885 0 0 0.4003 0.53283
0.36253 0.13039 0 0.12429 0.16836 0.28959 0.15451 0 0 0 0 0 0 0 0 0 0 0 0.21133 0 0.31367 0.13304 0 0 0 0 0.21677 0.17652 0 0 0 0 0 0 0.1817 0.23324 0 0 0.2639 0 0 0 0 0 0 0 0.14509 0 0 0 0 0 0 0 0 0 0 0 0 0 0 0 0 0 0 0.14203 0 0 0 0 0 0 0.22859 0 0 0 0 0 0 0 0.20142 0.14429 0 0 0 0 0 0 0 0.12367 0 0 0 0 0.15495 0.23447 0 0.13849 0.36491 0.28793 0.12826 0 0 0 0.27816 0.19986 0.25783 0.21524 0.31821 0.68119 0.3077 0 0 0.69812 0.6321 0.49641 0 0 0 0 0.20981 0.40645 0 0.24853 0 0.39313
0 0 0 0 0.27188 0.1691 0 0 0 0 0 0 0 0 0.26405 0 0 0 0.18153 0 0 0 0 0 0 0 0 0 0 0 0 0 0 0 0 0 0 0 0 0 0 0 0.15935 0 0 0 0.48599 0 0.3083 0.13667 0.32406 0 0 0 0.36091 0.23605 0.22316 0 0 0.16085 0 0 0 0 0 0 0 0 0 0 0.19979 0 0.21397 0.20372 0.31194 0.38769 0.13287 0.25209 0 0 0 0 0 0 0 0 0 0.21507 0 0 0.18744 0.21197 0 0.34481 0.39472 0 0 0.1672 0 0 0.31736 0 0 0.27816 0 0 0 0 0 0.38563 0.2198 0.16262 0 0.33038 0.23779 0 0.36074 0.19456 0 0 0 0 0 0.16227 0 0.29277
0 0 0 0 0 0 0 0 0 0 0.26383 0 0 0.18254 0 0 0 0 0.39993 0 0.23068 0 0 0.1459 0 0 0.14577 0.15812 0.32385 0 0.31624 0 0 0 0.30733 0 0.49929 0.39408 0.22135 0 0 0 0 0 0 0 0 0 0 0 0 0.14362 0 0 0 0 0 0 0 0 0 0.22536 0 0 0.22972 0 0 0 0 0 0 0 0.33051 0 0 0 0 0 0 0 0.27542 0.23346 0.23232 0 0 0.18314 0.19634 0.17176 0.29178 0 0.23226 0 0.23119 0 0.17859 0 0 0 0 0 0 0 0 0.19986 0 0 0.21507 0.1208 0.21965 0.12461 0 0 0 0.21378 0.17562 0 0.13402 0 0 0 0 0 0 0 0 0
0 0 0 0 0 0 0 0 0 0 0.12707 0 0 0.17865 0 0 0 0.21164 0 0 0.2111 0 0 0 0 0 0.23797 0.13528 0.202 0 0 0 0 0.43746 0.49875 0.32577 0.3773 0.31145 0.41983 0 0 0 0 0 0 0 0.26851 0 0 0.27269 0 0 0 0.15449 0 0.1384 0 0 0.14517 0 0 0.24564 0 0 0.18694 0 0 0.19841 0 0 0 0 0.16969 0.2234 0.23936 0.20064 0 0 0 0 0.49374 0.27322 0.3647 0.29311 0 0.13065 0.21119 0.37706 0.43637 0.4203 0.37134 0.16075 0.3842 0 0.16346 0.34324 0 0.12458 0 0 0 0 0 0.25783 0 0.21507 0 0 0.29744 0.29683 0.16596 0.16737 0.18724 0.43983 0.29673 0.18912 0.14787 0 0.74844 0.39428 0.36931 0 0 0 0 0
0.26161 0 0 0 0 0 0.19088 0 0 0 0 0 0 0 0 0 0 0 0 0 0.14598 0.2289 0 0 0 0 0.22299 0 0 0 0 0 0 0 0 0.1774 0 0 0 0.31723 0 0 0 0 0 0 0.12293 0.12248 0 0 0 0.26129 0.23185 0 0.13149 0 0 0 0 0 0 0 0 0 0 0 0 0 0 0 0 0 0.15493 0 0.13445 0 0.17895 0 0 0 0.15292 0 0 0 0 0.14631 0 0 0 0.20095 0 0 0 0 0.29885 0.23135 0.3052 0.19611 0.24879 0.44452 0.28299 0.12724 0 0.21524 0 0.1208 0 0 0.38081 0.26239 0.44807 0 0 0.21462 0.18787 0.13515 0 0.39423 0 0.18344 0.21585 0.28498 0.22414 0 0.22156 0.12358
0 0 0 0 0 0 0.12208 0 0 0 0.2388 0 0 0 0 0 0 0 0 0 0.17757 0.12584 0 0 0 0 0 0.1375 0 0.19578 0 0 0 0 0.14478 0 0 0 0 0.12655 0 0 0 0.14174 0.2238 0 0 0 0 0 0 0 0.12686 0 0 0 0 0 0 0 0.13464 0 0 0.14117 0 0 0 0 0 0 0 0 0.13347 0 0 0 0 0 0 0 0.1917 0 0 0.15345 0 0 0 0 0 0 0 0 0 0 0 0.18758 0 0 0.12142 0.19346 0 0 0 0.31821 0 0.21965 0.29744 0.38081 0 0.15855 0.14627 0 0 0 0.22739 0.18573 0 0 0 0 0 0 0 0 0 0.13014
0.4242 0.33067 0 0 0 0.2366 0.20154 0 0 0 0 0 0 0 0 0 0.14536 0 0.24392 0.15078 0.47752 0 0 0.14527 0 0 0.33163 0 0 0 0 0 0 0.25599 0.34777 0.44596 0.19623 0 0.24833 0 0 0 0 0 0 0 0.3301 0 0 0 0 0.17307 0.20468 0 0.22933 0.15223 0 0 0 0 0 0 0 0 0 0 0 0 0 0 0 0 0.26301 0.26659 0.33779 0 0 0 0 0 0.2069 0.19659 0.17878 0 0 0 0 0.18237 0.13173 0.32866 0 0 0.12931 0.13864 0.49648 0.54657 0.24362 0 0.28004 0.21361 0.4671 0 0 0.68119 0.38563 0.12461 0.29683 0.26239 0.15855 0 0.53968 0.17433 0 0.59868 0.23919 0.34448 0.23369 0.23258 0.30199 0 0 0 0.31768 0.31946 0.15968 0.27672
0.37759 0.28817 0 0 0 0.14019 0 0 0 0 0 0 0 0 0 0 0.19549 0 0.19661 0.12418 0.45015 0.45922 0.30146 0.16115 0 0 0.34571 0 0 0 0 0 0 0.325 0.43059 0.37552 0.27529 0.15036 0.18105 0.16669 0 0 0 0 0 0.13994 0.23057 0 0.14389 0 0 0.31058 0.1936 0 0 0 0 0 0 0 0 0 0 0 0 0 0 0 0 0 0 0 0.22193 0 0.154 0.1291 0 0 0 0 0.2059 0 0.19583 0 0 0 0 0.28715 0.27118 0.4009 0 0 0.12077 0 0.3389 0.3199 0.19399 0 0.22944 0.25574 0.2845 0.33253 0.30509 0.3077 0.2198 0 0.16596 0.44807 0.14627 0.53968 0 0.31549 0 0.40995 0 0 0 0.28066 0.37828 0.24101 0 0 0.26089 0.35457 0.34855 0.28765
0.19581 0.31348 0.25221 0 0.14675 0 0 0 0 0 0 0 0 0 0 0 0 0.20594 0 0.21691 0.17483 0 0 0 0 0 0.33527 0 0.1602 0 0 0.16079 0 0.42328 0.32569 0.46541 0.28025 0 0.31479 0.30353 0 0.28804 0 0.25386 0 0 0.49042 0.14241 0 0.22024 0 0.25921 0 0.29408 0 0.13339 0.17953 0 0 0 0 0 0 0 0 0 0 0 0 0 0 0 0 0 0.18577 0 0 0 0 0 0 0.43221 0.23943 0 0.26308 0 0 0.43865 0.37133 0.48569 0.32612 0.29438 0.3621 0 0.18105 0.24332 0 0.22375 0 0 0.22395 0.21314 0.2328 0 0.16262 0 0.16737 0 0 0.17433 0.31549 0 0.24515 0.12682 0 0 0 0.15216 0.3258 0.22791 0.19898 0 0.25808 0.20469 0.2853 0.24114
0 0 0 0 0 0 0 0 0.1343 0 0 0 0 0 0 0 0 0 0 0 0 0 0 0 0 0 0 0 0 0 0 0 0 0.21895 0 0 0 0 0 0 0 0 0 0 0 0 0.30018 0 0 0 0 0 0 0 0 0.27693 0 0 0.16751 0.18282 0 0 0 0 0 0 0 0 0 0 0 0.15074 0 0 0.27565 0.2733 0.29738 0.19732 0.12182 0.16785 0 0 0 0.15985 0 0 0 0.14255 0 0.24461 0 0.16718 0.12556 0.23633 0.18493 0.22246 0.56411 0.40174 0.25478 0.1621 0.38254 0.49325 0 0 0 0 0.18724 0 0 0 0 0.24515 0 0 0 0 0.13556 0.35685 0.43936 0.3839 0.21754 0.1995 0.31971 0.21076 0.50144 0
0.31348 0.21559 0 0 0 0.24424 0.17119 0 0 0 0 0 0 0 0 0 0 0 0.27946 0.14689 0.2743 0 0 0 0 0 0.15969 0.13753 0 0 0 0 0 0 0 0.22379 0 0 0.14805 0 0 0 0 0 0 0 0.30475 0 0 0 0 0.18457 0.14845 0 0.26856 0 0 0 0 0 0 0 0 0 0 0 0 0 0 0 0 0 0.25627 0 0.33262 0 0 0 0 0 0.1633 0.19094 0.31717 0 0 0 0 0 0 0.17864 0 0 0.12671 0 0.31877 0.35635 0 0 0.25439 0.13012 0.17041 0 0 0.69812 0.33038 0.21378 0.43983 0.21462 0 0.59868 0.40995 0.12682 0 0 0.3672 0.24558 0 0.12811 0.34875 0 0 0.20868 0 0.2325 0 0.14573
0.1638 0 0 0.14549 0.27939 0.14072 0 0 0 0 0 0 0.22057 0.18016 0 0 0 0 0 0 0.14491 0.17546 0 0 0.16738 0.26549 0 0 0 0 0 0 0 0 0 0 0 0 0 0 0 0 0 0 0 0 0.28272 0 0 0 0.13845 0 0 0 0 0 0 0 0 0 0 0 0 0 0 0.15312 0.20123 0.14473 0 0 0 0 0.13272 0 0 0 0 0 0 0 0 0 0 0 0 0 0 0 0 0 0 0 0 0.26258 0.19636 0 0 0.18936 0.24996 0 0 0 0 0.6321 0.23779 0.17562 0.29673 0.18787 0.22739 0.23919 0 0 0 0.3672 0 0.36267 0.23043 0.18702 0.15432 0.2588 0.32348 0.3736 0 0.18108 0 0.45092
0 0 0 0 0 0 0 0 0 0 0 0 0 0.12162 0 0 0 0 0 0 0 0.12566 0 0 0 0 0 0 0 0 0 0 0 0 0 0 0 0 0 0 0.13394 0 0 0 0 0 0 0 0.16036 0 0 0 0 0 0.12958 0 0 0 0 0 0 0 0 0 0 0 0 0.14558 0 0 0 0 0.2096 0.27788 0 0.13723 0 0 0 0 0.20848 0 0 0 0 0 0 0 0 0 0 0 0 0 0.20367 0.14394 0.17857 0.13014 0.25133 0 0 0 0 0.49641 0 0 0.18912 0.13515 0.18573 0.34448 0 0 0 0.24558 0.36267 0 0.16111 0.20876 0 0.14333 0.1952 0.23356 0.16614 0.12444 0 0
0 0 0 0 0 0 0 0 0 0 0 0 0 0 0.2383 0 0 0 0 0 0 0 0 0 0 0 0 0 0 0 0 0 0 0 0 0 0 0 0 0 0 0.34659 0.31601 0 0 0 0.64575 0 0.16152 0.18021 0.16578 0 0 0 0.16672 0.16244 0 0 0 0.14848 0.19902 0 0 0 0 0 0 0 0.12932 0 0.19559 0 0.15181 0.14737 0.27233 0.30785 0.23129 0.256 0.12463 0.22167 0 0 0 0 0 0 0 0.15718 0 0 0.13976 0.19648 0 1.1486 0.86161 0 0.14329 0.31946 0.23463 0 0.44285 0.15231 0 0 0.36074 0.13402 0.14787 0 0 0.23369 0 0 0.13556 0 0.23043 0.16111 0 0.72694 0.24571 0 0.18649 0 0.2477 0.33206 0 0
0.31075 0 0 0 0 0.12548 0 0 0 0 0 0 0 0 0 0 0 0 0 0 0.18852 0.15471 0.13803 0 0 0 0 0 0 0 0 0 0 0 0 0 0 0 0 0 0 0.20651 0.13254 0 0 0 0.48893 0 0.16216 0 0 0 0 0 0.2274 0 0 0 0 0 0 0 0 0 0 0 0 0 0 0 0.13937 0 0 0.12913 0.26264 0.14795 0.22538 0 0 0 0 0 0 0 0 0 0 0 0 0.20548 0 0 0 0.82653 0.89973 0.18152 0.50551 0.39946 0.39419 0.1659 0.56778 0.50556 0 0 0.19456 0 0 0.39423 0 0.23258 0.28066 0.15216 0.35685 0.12811 0.18702 0.20876 0.72694 0 0.3325 0.28836 0.28952 0.26719 0.50959 0.38133 0.57314 0
0.19158 0 0 0 0 0 0 0 0 0 0 0 0 0 0 0 0 0.20414 0 0 0.34308 0 0 0 0 0 0.38984 0 0.23123 0 0 0 0.13593 0.49709 0.36888 0.44694 0.23733 0.22142 0.46743 0 0 0 0 0 0 0.14431 0.52011 0 0.12858 0.18794 0 0.1645 0.30635 0 0 0.14784 0 0 0.17175 0 0 0.24504 0 0 0 0 0 0 0 0 0 0 0 0.19869 0.33402 0.29618 0.22408 0.20621 0 0 0.65032 0.33736 0.35184 0.2379 0 0 0.27499 0.51122 0.32735 0.61154 0.27783 0.28862 0.44752 0.177 0.4252 0.6722 0.21918 0.19705 0.29241 0 0.26843 0 0 0 0 0 0.74844 0 0 0.30199 0.37828 0.3258 0.43936 0.34875 0.15432 0 0.24571 0.3325 0 0.5732 0.28589 0.19732 0.33344 0.22749 0 0
0 0 0 0.15825 0.15473 0 0 0 0.15341 0 0 0 0 0.23529 0 0 0 0.25134 0 0 0 0 0 0 0 0 0.36576 0 0 0 0 0.21683 0.33973 0.5968 0.16822 0.42074 0.16085 0.1571 0.40467 0 0 0 0 0 0 0 0 0 0 0 0 0.16258 0 0.32169 0 0 0 0 0 0 0 0.1636 0.18262 0 0 0 0 0.20893 0 0 0 0.16013 0 0 0 0 0 0 0 0 0.45492 0.21844 0 0 0 0.39404 0.45483 0.17761 0.16082 0.56263 0 0 0.67336 0 0 0.17807 0.41835 0.41605 0.22569 0 0 0.22767 0 0 0 0 0.39428 0.18344 0 0 0.24101 0.22791 0.3839 0 0.2588 0.14333 0 0.28836 0.5732 0 0.80548 0.47963 0.37341 0.19454 0.35048 0
0 0 0.1244 0.46064 0.44617 0 0 0 0 0 0 0.46167 0 0 0 0 0 0.19321 0 0 0 0 0 0 0.26154 0 0.30614 0 0 0 0 0.35782 0.35013 0.46586 0 0.3388 0 0 0.44638 0.20611 0 0 0 0 0 0 0.28129 0 0.14468 0.21279 0 0.18813 0 0.26276 0.18824 0 0 0.41178 0.20673 0 0 0 0 0 0 0.368 0 0 0 0.13222 0 0 0 0 0 0 0.24184 0 0.28558 0 0.29096 0.29376 0 0 0.21906 0.15966 0.35793 0.19625 0 0.35236 0 0 0.843 0.20649 0 0 0.15186 0.9345 0.36168 0.404 0.25356 0.17987 0 0.20981 0 0 0.36931 0.21585 0 0 0 0.19898 0.21754 0 0.32348 0.1952 0.18649 0.28952 0.28589 0.80548 0 0.84334 0.47135 0.38694 0.23341 0.18749
0.20063 0 0.17363 0.17465 0.535 0.27774 0.13579 0 0 0 0 0.22537 0 0 0 0 0 0 0 0 0 0 0 0 0.17418 0 0.24255 0 0 0 0 0 0.40794 0.18185 0 0.17169 0 0 0.25609 0 0 0 0 0 0 0 0.21711 0 0 0.13868 0 0 0 0 0.23476 0 0.21319 0.2087 0.2071 0 0 0 0 0 0 0.3129 0 0 0 0.25098 0.1437 0 0 0 0.1262 0 0.23927 0 0 0 0.17495 0.1283 0 0 0 0 0.28531 0 0 0.16495 0 0 0.56829 0.14915 0 0 0.1256 0.69792 0.77653 0.68558 0.40402 0.2826 0.24885 0.40645 0 0 0 0.28498 0 0 0 0 0.1995 0.20868 0.3736 0.23356 0 0.26719 0.19732 0.47963 0.84334 0 0.50935 0.30783 0.35183 0.36147
0.48366 0.15844 0.23527 0 0.12828 0 0.21975 0 0 0 0 0 0 0 0 0 0.31906 0 0 0 0.36209 0 0 0 0 0 0.26805 0.12864 0 0 0 0 0 0.25288 0 0.26591 0 0 0.21357 0.27005 0 0 0 0.20379 0.20801 0 0.30694 0.18415 0 0.27777 0 0.32456 0.21133 0 0.36658 0.17529 0 0 0.13442 0.33155 0.24983 0 0.14542 0 0 0 0 0 0.20892 0 0.27932 0 0.17638 0.56492 0.59299 0.32929 0.33967 0.18968 0 0 0.18227 0.30184 0.15191 0 0 0 0 0.21985 0 0.32913 0 0 0.54104 0.21214 0.19503 0.31967 0.29967 0.47433 0.37119 0.41927 0.4511 0.22454 0 0 0 0 0 0.22414 0 0.31768 0.26089 0.25808 0.31971 0 0 0.16614 0.2477 0.50959 0.33344 0.37341 0.47135 0.50935 0 0.54862 0.34087 0
0.63245 0.38851 0.26163 0 0.17007 0 0 0 0 0 0 0 0 0 0 0 0.44669 0 0 0 0.48492 0.26201 0 0 0 0 0.21646 0 0 0 0 0 0 0.23391 0 0.25064 0.17083 0 0.24736 0 0 0 0 0 0 0 0.31632 0 0 0 0.18283 0 0 0.13253 0.28904 0.24912 0 0 0 0 0.13275 0 0 0 0 0 0 0 0 0 0.24034 0 0 0.32628 0.4471 0.31264 0 0 0 0 0 0 0.17421 0 0 0 0 0 0 0.2208 0 0 0.29654 0.26856 0.17999 0.15419 0.23842 0.25537 0.13241 0.29437 0.59253 0.55435 0 0.24853 0.16227 0 0 0 0 0.31946 0.35457 0.20469 0.21076 0.2325 0.18108 0.12444 0.33206 0.38133 0.22749 0.19454 0.38694 0.30783 0.54862 0 0.4801 0.27823
0.16894 0.19704 0 0 0 0 0 0 0.12915 0 0 0 0 0 0 0 0 0.1212 0 0 0 0 0 0 0.20531 0 0.23985 0 0 0 0 0 0 0.29669 0 0.31658 0 0 0 0.13472 0 0 0 0 0 0 0 0 0 0 0 0 0 0 0 0 0 0.14715 0 0 0 0 0 0 0 0 0 0 0 0 0 0.2002 0 0 0 0 0 0 0 0 0 0 0 0 0 0 0 0 0 0.26567 0 0 0.13424 0.18859 0.23761 0.13212 0.48018 0.26697 0.25216 0.3007 0.59227 1.044 0.4003 0 0 0 0 0.22156 0 0.15968 0.34855 0.2853 0.50144 0 0 0 0 0.57314 0 0.35048 0.23341 0.35183 0.34087 0.4801 0 0.13539
0 0.19382 0.22586 0.34783 0.42287 0.32743 0 0 0 0 0 0.20461 0 0 0.12061 0 0 0 0.18874 0 0 0 0 0 0.24046 0.22677 0.19765 0.26084 0 0 0 0 0 0 0 0.16205 0 0 0 0 0 0.15095 0 0 0 0 0.29601 0 0 0 0.14148 0 0 0 0 0 0.22381 0.18476 0 0 0 0 0 0 0 0.25549 0 0 0 0.1276 0 0 0 0 0 0 0 0 0 0 0 0 0 0 0 0 0 0 0 0 0 0 0.1706 0 0 0 0 0.21158 0.19173 0.20708 0.18302 0.2844 0.53283 0.39313 0.29277 0 0 0.12358 0.13014 0.27672 0.28765 0.24114 0 0.14573 0.45092 0 0 0 0 0 0.18749 0.36147 0 0.27823 0.13539 0
